 Date__(UT)__HR:MN     R.A._____(ICRF)_____DEC             delta      deldot       VmagSn      VmagOb
 2025-Dec-18 03:45     10 51 09.93 +06 40 06.8  1.79807004117666  -1.9563121   64.4042669  65.8698106
 2025-Dec-18 03:46     10 51 09.74 +06 40 07.7  1.79806925676720  -1.9555805   64.4042131  65.8716421
 2025-Dec-18 03:47     10 51 09.55 +06 40 08.7  1.79806847265256  -1.9548419   64.4041593  65.8734741
 2025-Dec-18 03:48     10 51 09.35 +06 40 09.7  1.79806768883550  -1.9540964   64.4041055  65.8753068
 2025-Dec-18 03:49     10 51 09.16 +06 40 10.7  1.79806690531882  -1.9533439   64.4040516  65.8771400
 2025-Dec-18 03:50     10 51 08.97 +06 40 11.7  1.79806612210531  -1.9525845   64.4039978  65.8789738
 2025-Dec-18 03:51     10 51 08.78 +06 40 12.7  1.79806533919774  -1.9518181   64.4039440  65.8808080
 2025-Dec-18 03:52     10 51 08.58 +06 40 13.7  1.79806455659891  -1.9510448   64.4038902  65.8826428
 2025-Dec-18 03:53     10 51 08.39 +06 40 14.6  1.79806377431160  -1.9502645   64.4038364  65.8844780
 2025-Dec-18 03:54     10 51 08.20 +06 40 15.6  1.79806299233862  -1.9494773   64.4037826  65.8863137
 2025-Dec-18 03:55     10 51 08.01 +06 40 16.6  1.79806221068275  -1.9486831   64.4037288  65.8881497
 2025-Dec-18 03:56  r  10 51 07.81 +06 40 17.6  1.79806142934679  -1.9478819   64.4036750  65.8899861
 2025-Dec-18 03:57     10 51 07.62 +06 40 18.6  1.79806064833353  -1.9470737   64.4036212  65.8918229
 2025-Dec-18 03:58     10 51 07.43 +06 40 19.6  1.79805986764578  -1.9462586   64.4035673  65.8936599
 2025-Dec-18 03:59     10 51 07.24 +06 40 20.6  1.79805908728633  -1.9454365   64.4035135  65.8954973
 2025-Dec-18 04:00     10 51 07.05 +06 40 21.5  1.79805830725799  -1.9446074   64.4034597  65.8973349
 2025-Dec-18 04:01     10 51 06.85 +06 40 22.5  1.79805752756356  -1.9437713   64.4034059  65.8991727
 2025-Dec-18 04:02     10 51 06.66 +06 40 23.5  1.79805674820584  -1.9429282   64.4033521  65.9010107
 2025-Dec-18 04:03     10 51 06.47 +06 40 24.5  1.79805596918763  -1.9420781   64.4032983  65.9028489
 2025-Dec-18 04:04     10 51 06.28 +06 40 25.5  1.79805519051175  -1.9412210   64.4032445  65.9046872
 2025-Dec-18 04:05     10 51 06.08 +06 40 26.5  1.79805441218100  -1.9403569   64.4031907  65.9065256
 2025-Dec-18 04:06     10 51 05.89 +06 40 27.4  1.79805363419819  -1.9394858   64.4031369  65.9083641
 2025-Dec-18 04:07     10 51 05.70 +06 40 28.4  1.79805285656612  -1.9386077   64.4030831  65.9102026
 2025-Dec-18 04:08     10 51 05.51 +06 40 29.4  1.79805207928761  -1.9377226   64.4030293  65.9120412
 2025-Dec-18 04:09     10 51 05.31 +06 40 30.4  1.79805130236548  -1.9368305   64.4029755  65.9138798
 2025-Dec-18 04:10     10 51 05.12 +06 40 31.4  1.79805052580252  -1.9359314   64.4029217  65.9157183
 2025-Dec-18 04:11     10 51 04.93 +06 40 32.4  1.79804974960156  -1.9350252   64.4028679  65.9175567
 2025-Dec-18 04:12     10 51 04.74 +06 40 33.4  1.79804897376541  -1.9341121   64.4028141  65.9193951
 2025-Dec-18 04:13     10 51 04.54 +06 40 34.3  1.79804819829688  -1.9331919   64.4027603  65.9212333
 2025-Dec-18 04:14     10 51 04.35 +06 40 35.3  1.79804742319878  -1.9322647   64.4027065  65.9230714
 2025-Dec-18 04:15     10 51 04.16 +06 40 36.3  1.79804664847394  -1.9313305   64.4026527  65.9249093
 2025-Dec-18 04:16     10 51 03.97 +06 40 37.3  1.79804587412517  -1.9303892   64.4025989  65.9267470
 2025-Dec-18 04:17     10 51 03.77 +06 40 38.3  1.79804510015528  -1.9294409   64.4025451  65.9285845
 2025-Dec-18 04:18     10 51 03.58 +06 40 39.3  1.79804432656709  -1.9284857   64.4024913  65.9304216
 2025-Dec-18 04:19     10 51 03.39 +06 40 40.3  1.79804355336343  -1.9275233   64.4024375  65.9322585
 2025-Dec-18 04:20     10 51 03.20 +06 40 41.2  1.79804278054710  -1.9265540   64.4023838  65.9340951
 2025-Dec-18 04:21     10 51 03.00 +06 40 42.2  1.79804200812092  -1.9255776   64.4023300  65.9359313
 2025-Dec-18 04:22     10 51 02.81 +06 40 43.2  1.79804123608771  -1.9245942   64.4022762  65.9377671
 2025-Dec-18 04:23     10 51 02.62 +06 40 44.2  1.79804046445030  -1.9236038   64.4022224  65.9396025
 2025-Dec-18 04:24     10 51 02.43 +06 40 45.2  1.79803969321149  -1.9226064   64.4021686  65.9414375
 2025-Dec-18 04:25     10 51 02.23 +06 40 46.2  1.79803892237410  -1.9216019   64.4021148  65.9432720
 2025-Dec-18 04:26     10 51 02.04 +06 40 47.2  1.79803815194096  -1.9205904   64.4020610  65.9451059
 2025-Dec-18 04:27     10 51 01.85 +06 40 48.1  1.79803738191489  -1.9195719   64.4020072  65.9469394
 2025-Dec-18 04:28     10 51 01.66 +06 40 49.1  1.79803661229869  -1.9185463   64.4019534  65.9487723
 2025-Dec-18 04:29     10 51 01.46 +06 40 50.1  1.79803584309519  -1.9175137   64.4018996  65.9506046
 2025-Dec-18 04:30     10 51 01.27 +06 40 51.1  1.79803507430720  -1.9164741   64.4018459  65.9524363
 2025-Dec-18 04:31     10 51 01.08 +06 40 52.1  1.79803430593755  -1.9154275   64.4017921  65.9542674
 2025-Dec-18 04:32     10 51 00.89 +06 40 53.1  1.79803353798905  -1.9143738   64.4017383  65.9560978
 2025-Dec-18 04:33     10 51 00.69 +06 40 54.1  1.79803277046451  -1.9133132   64.4016845  65.9579275
 2025-Dec-18 04:34     10 51 00.50 +06 40 55.0  1.79803200336675  -1.9122455   64.4016307  65.9597565
 2025-Dec-18 04:35     10 51 00.31 +06 40 56.0  1.79803123669859  -1.9111707   64.4015769  65.9615847
 2025-Dec-18 04:36     10 51 00.12 +06 40 57.0  1.79803047046284  -1.9100890   64.4015232  65.9634121
 2025-Dec-18 04:37     10 50 59.92 +06 40 58.0  1.79802970466231  -1.9090003   64.4014694  65.9652387
 2025-Dec-18 04:38     10 50 59.73 +06 40 59.0  1.79802893929983  -1.9079045   64.4014156  65.9670644
 2025-Dec-18 04:39     10 50 59.54 +06 41 00.0  1.79802817437819  -1.9068017   64.4013618  65.9688893
 2025-Dec-18 04:40     10 50 59.35 +06 41 01.0  1.79802740990022  -1.9056919   64.4013080  65.9707133
 2025-Dec-18 04:41     10 50 59.15 +06 41 01.9  1.79802664586873  -1.9045751   64.4012542  65.9725363
 2025-Dec-18 04:42     10 50 58.96 +06 41 02.9  1.79802588228652  -1.9034513   64.4012005  65.9743584
 2025-Dec-18 04:43     10 50 58.77 +06 41 03.9  1.79802511915640  -1.9023205   64.4011467  65.9761795
 2025-Dec-18 04:44     10 50 58.57 +06 41 04.9  1.79802435648119  -1.9011827   64.4010929  65.9779996
 2025-Dec-18 04:45     10 50 58.38 +06 41 05.9  1.79802359426369  -1.9000379   64.4010391  65.9798187
 2025-Dec-18 04:46     10 50 58.19 +06 41 06.9  1.79802283250670  -1.8988861   64.4009854  65.9816366
 2025-Dec-18 04:47     10 50 58.00 +06 41 07.9  1.79802207121304  -1.8977273   64.4009316  65.9834535
 2025-Dec-18 04:48     10 50 57.80 +06 41 08.8  1.79802131038550  -1.8965615   64.4008778  65.9852692
 2025-Dec-18 04:49     10 50 57.61 +06 41 09.8  1.79802055002689  -1.8953888   64.4008240  65.9870838
 2025-Dec-18 04:50     10 50 57.42 +06 41 10.8  1.79801979014000  -1.8942090   64.4007703  65.9888972
 2025-Dec-18 04:51     10 50 57.23 +06 41 11.8  1.79801903072765  -1.8930223   64.4007165  65.9907094
 2025-Dec-18 04:52     10 50 57.03 +06 41 12.8  1.79801827179262  -1.8918286   64.4006627  65.9925203
 2025-Dec-18 04:53     10 50 56.84 +06 41 13.8  1.79801751333772  -1.8906279   64.4006089  65.9943300
 2025-Dec-18 04:54     10 50 56.65 +06 41 14.7  1.79801675536573  -1.8894202   64.4005552  65.9961384
 2025-Dec-18 04:55     10 50 56.46 +06 41 15.7  1.79801599787946  -1.8882056   64.4005014  65.9979454
 2025-Dec-18 04:56     10 50 56.26 +06 41 16.7  1.79801524088170  -1.8869840   64.4004476  65.9997511
 2025-Dec-18 04:57     10 50 56.07 +06 41 17.7  1.79801448437523  -1.8857555   64.4003939  66.0015554
 2025-Dec-18 04:58     10 50 55.88 +06 41 18.7  1.79801372836284  -1.8845200   64.4003401  66.0033582
 2025-Dec-18 04:59     10 50 55.68 +06 41 19.7  1.79801297284732  -1.8832776   64.4002863  66.0051597
 2025-Dec-18 05:00     10 50 55.49 +06 41 20.7  1.79801221783147  -1.8820282   64.4002326  66.0069597
 2025-Dec-18 05:01     10 50 55.30 +06 41 21.6  1.79801146331804  -1.8807719   64.4001788  66.0087581
 2025-Dec-18 05:02     10 50 55.11 +06 41 22.6  1.79801070930984  -1.8795087   64.4001250  66.0105551
 2025-Dec-18 05:03     10 50 54.91 +06 41 23.6  1.79800995580964  -1.8782385   64.4000713  66.0123505
 2025-Dec-18 05:04     10 50 54.72 +06 41 24.6  1.79800920282022  -1.8769614   64.4000175  66.0141443
 2025-Dec-18 05:05     10 50 54.53 +06 41 25.6  1.79800845034435  -1.8756774   64.3999637  66.0159365
 2025-Dec-18 05:06     10 50 54.34 +06 41 26.6  1.79800769838480  -1.8743865   64.3999100  66.0177271
 2025-Dec-18 05:07     10 50 54.14 +06 41 27.6  1.79800694694434  -1.8730886   64.3998562  66.0195160
 2025-Dec-18 05:08     10 50 53.95 +06 41 28.5  1.79800619602575  -1.8717839   64.3998025  66.0213032
 2025-Dec-18 05:09     10 50 53.76 +06 41 29.5  1.79800544563178  -1.8704723   64.3997487  66.0230887
 2025-Dec-18 05:10     10 50 53.56 +06 41 30.5  1.79800469576521  -1.8691538   64.3996949  66.0248724
 2025-Dec-18 05:11     10 50 53.37 +06 41 31.5  1.79800394642879  -1.8678284   64.3996412  66.0266544
 2025-Dec-18 05:12     10 50 53.18 +06 41 32.5  1.79800319762528  -1.8664962   64.3995874  66.0284345
 2025-Dec-18 05:13     10 50 52.99 +06 41 33.5  1.79800244935744  -1.8651570   64.3995337  66.0302128
 2025-Dec-18 05:14     10 50 52.79 +06 41 34.5  1.79800170162802  -1.8638110   64.3994799  66.0319893
 2025-Dec-18 05:15     10 50 52.60 +06 41 35.4  1.79800095443977  -1.8624582   64.3994261  66.0337639
 2025-Dec-18 05:16     10 50 52.41 +06 41 36.4  1.79800020779544  -1.8610985   64.3993724  66.0355365
 2025-Dec-18 05:17     10 50 52.21 +06 41 37.4  1.79799946169777  -1.8597319   64.3993186  66.0373073
 2025-Dec-18 05:18     10 50 52.02 +06 41 38.4  1.79799871614951  -1.8583586   64.3992649  66.0390760
 2025-Dec-18 05:19     10 50 51.83 +06 41 39.4  1.79799797115340  -1.8569784   64.3992111  66.0408428
 2025-Dec-18 05:20     10 50 51.64 +06 41 40.4  1.79799722671217  -1.8555914   64.3991574  66.0426075
 2025-Dec-18 05:21     10 50 51.44 +06 41 41.4  1.79799648282855  -1.8541975   64.3991036  66.0443702
 2025-Dec-18 05:22     10 50 51.25 +06 41 42.3  1.79799573950529  -1.8527969   64.3990499  66.0461308
 2025-Dec-18 05:23     10 50 51.06 +06 41 43.3  1.79799499674509  -1.8513894   64.3989961  66.0478893
 2025-Dec-18 05:24     10 50 50.86 +06 41 44.3  1.79799425455070  -1.8499752   64.3989424  66.0496456
 2025-Dec-18 05:25     10 50 50.67 +06 41 45.3  1.79799351292483  -1.8485542   64.3988886  66.0513998
 2025-Dec-18 05:26     10 50 50.48 +06 41 46.3  1.79799277187019  -1.8471264   64.3988349  66.0531518
 2025-Dec-18 05:27     10 50 50.29 +06 41 47.3  1.79799203138951  -1.8456919   64.3987811  66.0549016
 2025-Dec-18 05:28     10 50 50.09 +06 41 48.3  1.79799129148549  -1.8442506   64.3987274  66.0566492
 2025-Dec-18 05:29     10 50 49.90 +06 41 49.2  1.79799055216084  -1.8428025   64.3986736  66.0583944
 2025-Dec-18 05:30     10 50 49.71 +06 41 50.2  1.79798981341827  -1.8413478   64.3986199  66.0601374
 2025-Dec-18 05:31     10 50 49.51 +06 41 51.2  1.79798907526048  -1.8398862   64.3985661  66.0618781
 2025-Dec-18 05:32     10 50 49.32 +06 41 52.2  1.79798833769015  -1.8384180   64.3985124  66.0636164
 2025-Dec-18 05:33     10 50 49.13 +06 41 53.2  1.79798760071000  -1.8369430   64.3984586  66.0653523
 2025-Dec-18 05:34     10 50 48.94 +06 41 54.2  1.79798686432271  -1.8354614   64.3984049  66.0670858
 2025-Dec-18 05:35     10 50 48.74 +06 41 55.2  1.79798612853097  -1.8339730   64.3983511  66.0688169
 2025-Dec-18 05:36     10 50 48.55 +06 41 56.1  1.79798539333745  -1.8324780   64.3982974  66.0705456
 2025-Dec-18 05:37     10 50 48.36 +06 41 57.1  1.79798465874484  -1.8309763   64.3982437  66.0722717
 2025-Dec-18 05:38     10 50 48.16 +06 41 58.1  1.79798392475581  -1.8294679   64.3981899  66.0739954
 2025-Dec-18 05:39     10 50 47.97 +06 41 59.1  1.79798319137303  -1.8279529   64.3981362  66.0757165
 2025-Dec-18 05:40     10 50 47.78 +06 42 00.1  1.79798245859917  -1.8264312   64.3980824  66.0774350
 2025-Dec-18 05:41     10 50 47.58 +06 42 01.1  1.79798172643690  -1.8249029   64.3980287  66.0791509
 2025-Dec-18 05:42     10 50 47.39 +06 42 02.1  1.79798099488887  -1.8233680   64.3979750  66.0808643
 2025-Dec-18 05:43     10 50 47.20 +06 42 03.0  1.79798026395774  -1.8218264   64.3979212  66.0825749
 2025-Dec-18 05:44     10 50 47.01 +06 42 04.0  1.79797953364615  -1.8202782   64.3978675  66.0842830
 2025-Dec-18 05:45     10 50 46.81 +06 42 05.0  1.79797880395676  -1.8187235   64.3978137  66.0859883
 2025-Dec-18 05:46     10 50 46.62 +06 42 06.0  1.79797807489221  -1.8171622   64.3977600  66.0876909
 2025-Dec-18 05:47     10 50 46.43 +06 42 07.0  1.79797734645513  -1.8155943   64.3977063  66.0893907
 2025-Dec-18 05:48     10 50 46.23 +06 42 08.0  1.79797661864816  -1.8140198   64.3976525  66.0910878
 2025-Dec-18 05:49     10 50 46.04 +06 42 08.9  1.79797589147393  -1.8124388   64.3975988  66.0927821
 2025-Dec-18 05:50     10 50 45.85 +06 42 09.9  1.79797516493507  -1.8108512   64.3975451  66.0944735
 2025-Dec-18 05:51     10 50 45.65 +06 42 10.9  1.79797443903418  -1.8092571   64.3974913  66.0961621
 2025-Dec-18 05:52     10 50 45.46 +06 42 11.9  1.79797371377389  -1.8076565   64.3974376  66.0978478
 2025-Dec-18 05:53     10 50 45.27 +06 42 12.9  1.79797298915682  -1.8060494   64.3973839  66.0995306
 2025-Dec-18 05:54     10 50 45.08 +06 42 13.9  1.79797226518556  -1.8044358   64.3973301  66.1012105
 2025-Dec-18 05:55     10 50 44.88 +06 42 14.9  1.79797154186271  -1.8028157   64.3972764  66.1028874
 2025-Dec-18 05:56     10 50 44.69 +06 42 15.8  1.79797081919089  -1.8011892   64.3972227  66.1045614
 2025-Dec-18 05:57     10 50 44.50 +06 42 16.8  1.79797009717266  -1.7995562   64.3971689  66.1062323
 2025-Dec-18 05:58     10 50 44.30 +06 42 17.8  1.79796937581064  -1.7979167   64.3971152  66.1079002
 2025-Dec-18 05:59     10 50 44.11 +06 42 18.8  1.79796865510739  -1.7962708   64.3970615  66.1095651
 2025-Dec-18 06:00     10 50 43.92 +06 42 19.8  1.79796793506549  -1.7946185   64.3970078  66.1112268
 2025-Dec-18 06:01     10 50 43.72 +06 42 20.8  1.79796721568751  -1.7929598   64.3969540  66.1128855
 2025-Dec-18 06:02     10 50 43.53 +06 42 21.8  1.79796649697604  -1.7912947   64.3969003  66.1145410
 2025-Dec-18 06:03     10 50 43.34 +06 42 22.7  1.79796577893361  -1.7896232   64.3968466  66.1161933
 2025-Dec-18 06:04     10 50 43.14 +06 42 23.7  1.79796506156280  -1.7879453   64.3967929  66.1178425
 2025-Dec-18 06:05     10 50 42.95 +06 42 24.7  1.79796434486615  -1.7862611   64.3967391  66.1194885
 2025-Dec-18 06:06     10 50 42.76 +06 42 25.7  1.79796362884621  -1.7845705   64.3966854  66.1211312
 2025-Dec-18 06:07     10 50 42.56 +06 42 26.7  1.79796291350552  -1.7828737   64.3966317  66.1227707
 2025-Dec-18 06:08     10 50 42.37 +06 42 27.7  1.79796219884662  -1.7811704   64.3965780  66.1244068
 2025-Dec-18 06:09     10 50 42.18 +06 42 28.7  1.79796148487203  -1.7794609   64.3965242  66.1260397
 2025-Dec-18 06:10     10 50 41.99 +06 42 29.6  1.79796077158429  -1.7777451   64.3964705  66.1276693
 2025-Dec-18 06:11     10 50 41.79 +06 42 30.6  1.79796005898591  -1.7760231   64.3964168  66.1292954
 2025-Dec-18 06:12     10 50 41.60 +06 42 31.6  1.79795934707940  -1.7742947   64.3963631  66.1309182
 2025-Dec-18 06:13     10 50 41.41 +06 42 32.6  1.79795863586728  -1.7725601   64.3963094  66.1325376
 2025-Dec-18 06:14     10 50 41.21 +06 42 33.6  1.79795792535205  -1.7708193   64.3962556  66.1341536
 2025-Dec-18 06:15     10 50 41.02 +06 42 34.6  1.79795721553619  -1.7690723   64.3962019  66.1357661
 2025-Dec-18 06:16     10 50 40.83 +06 42 35.6  1.79795650642221  -1.7673191   64.3961482  66.1373751
 2025-Dec-18 06:17     10 50 40.63 +06 42 36.5  1.79795579801259  -1.7655596   64.3960945  66.1389806
 2025-Dec-18 06:18     10 50 40.44 +06 42 37.5  1.79795509030981  -1.7637940   64.3960408  66.1405825
 2025-Dec-18 06:19     10 50 40.25 +06 42 38.5  1.79795438331634  -1.7620223   64.3959871  66.1421810
 2025-Dec-18 06:20     10 50 40.05 +06 42 39.5  1.79795367703465  -1.7602443   64.3959333  66.1437758
 2025-Dec-18 06:21     10 50 39.86 +06 42 40.5  1.79795297146720  -1.7584603   64.3958796  66.1453670
 2025-Dec-18 06:22     10 50 39.67 +06 42 41.5  1.79795226661645  -1.7566701   64.3958259  66.1469547
 2025-Dec-18 06:23     10 50 39.47 +06 42 42.5  1.79795156248484  -1.7548739   64.3957722  66.1485386
 2025-Dec-18 06:24     10 50 39.28 +06 42 43.4  1.79795085907483  -1.7530715   64.3957185  66.1501189
 2025-Dec-18 06:25     10 50 39.09 +06 42 44.4  1.79795015638884  -1.7512631   64.3956648  66.1516955
 2025-Dec-18 06:26     10 50 38.89 +06 42 45.4  1.79794945442931  -1.7494487   64.3956111  66.1532684
 2025-Dec-18 06:27     10 50 38.70 +06 42 46.4  1.79794875319866  -1.7476282   64.3955574  66.1548375
 2025-Dec-18 06:28     10 50 38.51 +06 42 47.4  1.79794805269932  -1.7458016   64.3955037  66.1564028
 2025-Dec-18 06:29     10 50 38.31 +06 42 48.4  1.79794735293368  -1.7439691   64.3954499  66.1579644
 2025-Dec-18 06:30     10 50 38.12 +06 42 49.4  1.79794665390417  -1.7421306   64.3953962  66.1595221
 2025-Dec-18 06:31     10 50 37.93 +06 42 50.3  1.79794595561318  -1.7402861   64.3953425  66.1610760
 2025-Dec-18 06:32     10 50 37.73 +06 42 51.3  1.79794525806309  -1.7384356   64.3952888  66.1626260
 2025-Dec-18 06:33     10 50 37.54 +06 42 52.3  1.79794456125630  -1.7365792   64.3952351  66.1641722
 2025-Dec-18 06:34     10 50 37.35 +06 42 53.3  1.79794386519519  -1.7347169   64.3951814  66.1657144
 2025-Dec-18 06:35     10 50 37.15 +06 42 54.3  1.79794316988213  -1.7328487   64.3951277  66.1672527
 2025-Dec-18 06:36     10 50 36.96 +06 42 55.3  1.79794247531948  -1.7309746   64.3950740  66.1687871
 2025-Dec-18 06:37     10 50 36.77 +06 42 56.2  1.79794178150961  -1.7290946   64.3950203  66.1703175
 2025-Dec-18 06:38     10 50 36.57 +06 42 57.2  1.79794108845486  -1.7272087   64.3949666  66.1718438
 2025-Dec-18 06:39     10 50 36.38 +06 42 58.2  1.79794039615759  -1.7253170   64.3949129  66.1733662
 2025-Dec-18 06:40     10 50 36.19 +06 42 59.2  1.79793970462013  -1.7234195   64.3948592  66.1748845
 2025-Dec-18 06:41     10 50 35.99 +06 43 00.2  1.79793901384482  -1.7215162   64.3948055  66.1763987
 2025-Dec-18 06:42     10 50 35.80 +06 43 01.2  1.79793832383398  -1.7196070   64.3947518  66.1779089
 2025-Dec-18 06:43     10 50 35.61 +06 43 02.2  1.79793763458992  -1.7176922   64.3946981  66.1794149
 2025-Dec-18 06:44     10 50 35.41 +06 43 03.1  1.79793694611496  -1.7157715   64.3946444  66.1809168
 2025-Dec-18 06:45     10 50 35.22 +06 43 04.1  1.79793625841141  -1.7138451   64.3945907  66.1824145
 2025-Dec-18 06:46     10 50 35.03 +06 43 05.1  1.79793557148155  -1.7119130   64.3945370  66.1839081
 2025-Dec-18 06:47     10 50 34.83 +06 43 06.1  1.79793488532769  -1.7099752   64.3944833  66.1853974
 2025-Dec-18 06:48     10 50 34.64 +06 43 07.1  1.79793419995209  -1.7080318   64.3944296  66.1868825
 2025-Dec-18 06:49     10 50 34.45 +06 43 08.1  1.79793351535705  -1.7060826   64.3943759  66.1883634
 2025-Dec-18 06:50     10 50 34.25 +06 43 09.1  1.79793283154482  -1.7041278   64.3943222  66.1898400
 2025-Dec-18 06:51     10 50 34.06 +06 43 10.0  1.79793214851766  -1.7021674   64.3942685  66.1913123
 2025-Dec-18 06:52     10 50 33.87 +06 43 11.0  1.79793146627784  -1.7002014   64.3942148  66.1927803
 2025-Dec-18 06:53     10 50 33.67 +06 43 12.0  1.79793078482758  -1.6982298   64.3941611  66.1942440
 2025-Dec-18 06:54     10 50 33.48 +06 43 13.0  1.79793010416915  -1.6962526   64.3941074  66.1957033
 2025-Dec-18 06:55     10 50 33.29 +06 43 14.0  1.79792942430475  -1.6942698   64.3940538  66.1971582
 2025-Dec-18 06:56     10 50 33.09 +06 43 15.0  1.79792874523662  -1.6922816   64.3940001  66.1986088
 2025-Dec-18 06:57     10 50 32.90 +06 43 16.0  1.79792806696698  -1.6902878   64.3939464  66.2000549
 2025-Dec-18 06:58     10 50 32.71 +06 43 16.9  1.79792738949802  -1.6882885   64.3938927  66.2014966
 2025-Dec-18 06:59     10 50 32.51 +06 43 17.9  1.79792671283196  -1.6862837   64.3938390  66.2029338
 2025-Dec-18 07:00     10 50 32.32 +06 43 18.9  1.79792603697097  -1.6842735   64.3937853  66.2043665
 2025-Dec-18 07:01     10 50 32.13 +06 43 19.9  1.79792536191726  -1.6822579   64.3937316  66.2057947
 2025-Dec-18 07:02     10 50 31.93 +06 43 20.9  1.79792468767299  -1.6802368   64.3936779  66.2072184
 2025-Dec-18 07:03     10 50 31.74 +06 43 21.9  1.79792401424033  -1.6782103   64.3936242  66.2086376
 2025-Dec-18 07:04     10 50 31.55 +06 43 22.9  1.79792334162145  -1.6761784   64.3935706  66.2100522
 2025-Dec-18 07:05     10 50 31.35 +06 43 23.8  1.79792266981849  -1.6741412   64.3935169  66.2114622
 2025-Dec-18 07:06     10 50 31.16 +06 43 24.8  1.79792199883361  -1.6720987   64.3934632  66.2128676
 2025-Dec-18 07:07     10 50 30.97 +06 43 25.8  1.79792132866894  -1.6700508   64.3934095  66.2142683
 2025-Dec-18 07:08     10 50 30.77 +06 43 26.8  1.79792065932661  -1.6679976   64.3933558  66.2156645
 2025-Dec-18 07:09     10 50 30.58 +06 43 27.8  1.79791999080873  -1.6659392   64.3933021  66.2170559
 2025-Dec-18 07:10     10 50 30.39 +06 43 28.8  1.79791932311743  -1.6638755   64.3932485  66.2184427
 2025-Dec-18 07:11     10 50 30.19 +06 43 29.7  1.79791865625480  -1.6618065   64.3931948  66.2198247
 2025-Dec-18 07:12     10 50 30.00 +06 43 30.7  1.79791799022295  -1.6597324   64.3931411  66.2212020
 2025-Dec-18 07:13     10 50 29.81 +06 43 31.7  1.79791732502397  -1.6576530   64.3930874  66.2225746
 2025-Dec-18 07:14     10 50 29.61 +06 43 32.7  1.79791666065992  -1.6555685   64.3930337  66.2239424
 2025-Dec-18 07:15     10 50 29.42 +06 43 33.7  1.79791599713289  -1.6534788   64.3929801  66.2253054
 2025-Dec-18 07:16     10 50 29.23 +06 43 34.7  1.79791533444493  -1.6513840   64.3929264  66.2266636
 2025-Dec-18 07:17     10 50 29.03 +06 43 35.7  1.79791467259810  -1.6492841   64.3928727  66.2280170
 2025-Dec-18 07:18     10 50 28.84 +06 43 36.6  1.79791401159445  -1.6471790   64.3928190  66.2293656
 2025-Dec-18 07:19     10 50 28.64 +06 43 37.6  1.79791335143601  -1.6450689   64.3927654  66.2307092
 2025-Dec-18 07:20     10 50 28.45 +06 43 38.6  1.79791269212482  -1.6429538   64.3927117  66.2320480
 2025-Dec-18 07:21     10 50 28.26 +06 43 39.6  1.79791203366289  -1.6408336   64.3926580  66.2333819
 2025-Dec-18 07:22     10 50 28.06 +06 43 40.6  1.79791137605224  -1.6387084   64.3926043  66.2347109
 2025-Dec-18 07:23     10 50 27.87 +06 43 41.6  1.79791071929486  -1.6365783   64.3925507  66.2360349
 2025-Dec-18 07:24     10 50 27.68 +06 43 42.6  1.79791006339276  -1.6344432   64.3924970  66.2373539
 2025-Dec-18 07:25     10 50 27.48 +06 43 43.5  1.79790940834792  -1.6323031   64.3924433  66.2386680
 2025-Dec-18 07:26     10 50 27.29 +06 43 44.5  1.79790875416232  -1.6301581   64.3923896  66.2399771
 2025-Dec-18 07:27     10 50 27.10 +06 43 45.5  1.79790810083791  -1.6280082   64.3923360  66.2412811
 2025-Dec-18 07:28     10 50 26.90 +06 43 46.5  1.79790744837668  -1.6258535   64.3922823  66.2425801
 2025-Dec-18 07:29     10 50 26.71 +06 43 47.5  1.79790679678056  -1.6236939   64.3922286  66.2438741
 2025-Dec-18 07:30     10 50 26.52 +06 43 48.5  1.79790614605149  -1.6215294   64.3921750  66.2451630
 2025-Dec-18 07:31     10 50 26.32 +06 43 49.5  1.79790549619141  -1.6193602   64.3921213  66.2464468
 2025-Dec-18 07:32     10 50 26.13 +06 43 50.4  1.79790484720224  -1.6171861   64.3920676  66.2477255
 2025-Dec-18 07:33     10 50 25.93 +06 43 51.4  1.79790419908590  -1.6150074   64.3920140  66.2489991
 2025-Dec-18 07:34     10 50 25.74 +06 43 52.4  1.79790355184429  -1.6128238   64.3919603  66.2502675
 2025-Dec-18 07:35     10 50 25.55 +06 43 53.4  1.79790290547931  -1.6106356   64.3919066  66.2515308
 2025-Dec-18 07:36     10 50 25.35 +06 43 54.4  1.79790225999284  -1.6084426   64.3918530  66.2527888
 2025-Dec-18 07:37     10 50 25.16 +06 43 55.4  1.79790161538677  -1.6062450   64.3917993  66.2540417
 2025-Dec-18 07:38     10 50 24.97 +06 43 56.3  1.79790097166295  -1.6040427   64.3917456  66.2552894
 2025-Dec-18 07:39     10 50 24.77 +06 43 57.3  1.79790032882326  -1.6018359   64.3916920  66.2565318
 2025-Dec-18 07:40     10 50 24.58 +06 43 58.3  1.79789968686954  -1.5996244   64.3916383  66.2577690
 2025-Dec-18 07:41     10 50 24.39 +06 43 59.3  1.79789904580363  -1.5974083   64.3915847  66.2590009
 2025-Dec-18 07:42     10 50 24.19 +06 44 00.3  1.79789840562736  -1.5951877   64.3915310  66.2602276
 2025-Dec-18 07:43     10 50 24.00 +06 44 01.3  1.79789776634257  -1.5929625   64.3914773  66.2614489
 2025-Dec-18 07:44     10 50 23.80 +06 44 02.3  1.79789712795104  -1.5907329   64.3914237  66.2626649
 2025-Dec-18 07:45     10 50 23.61 +06 44 03.2  1.79789649045460  -1.5884987   64.3913700  66.2638756
 2025-Dec-18 07:46     10 50 23.42 +06 44 04.2  1.79789585385504  -1.5862601   64.3913164  66.2650809
 2025-Dec-18 07:47     10 50 23.22 +06 44 05.2  1.79789521815413  -1.5840171   64.3912627  66.2662809
 2025-Dec-18 07:48     10 50 23.03 +06 44 06.2  1.79789458335366  -1.5817696   64.3912090  66.2674754
 2025-Dec-18 07:49     10 50 22.84 +06 44 07.2  1.79789394945538  -1.5795178   64.3911554  66.2686646
 2025-Dec-18 07:50     10 50 22.64 +06 44 08.2  1.79789331646106  -1.5772615   64.3911017  66.2698483
 2025-Dec-18 07:51     10 50 22.45 +06 44 09.2  1.79789268437243  -1.5750010   64.3910481  66.2710267
 2025-Dec-18 07:52     10 50 22.26 +06 44 10.1  1.79789205319125  -1.5727361   64.3909944  66.2721995
 2025-Dec-18 07:53     10 50 22.06 +06 44 11.1  1.79789142291922  -1.5704670   64.3909408  66.2733669
 2025-Dec-18 07:54     10 50 21.87 +06 44 12.1  1.79789079355807  -1.5681935   64.3908871  66.2745288
 2025-Dec-18 07:55     10 50 21.67 +06 44 13.1  1.79789016510951  -1.5659159   64.3908335  66.2756853
 2025-Dec-18 07:56     10 50 21.48 +06 44 14.1  1.79788953757522  -1.5636340   64.3907798  66.2768362
 2025-Dec-18 07:57     10 50 21.29 +06 44 15.1  1.79788891095691  -1.5613479   64.3907262  66.2779816
 2025-Dec-18 07:58     10 50 21.09 +06 44 16.0  1.79788828525624  -1.5590576   64.3906725  66.2791214
 2025-Dec-18 07:59     10 50 20.90 +06 44 17.0  1.79788766047488  -1.5567632   64.3906189  66.2802557
 2025-Dec-18 08:00     10 50 20.71 +06 44 18.0  1.79788703661449  -1.5544647   64.3905652  66.2813844
 2025-Dec-18 08:01     10 50 20.51 +06 44 19.0  1.79788641367671  -1.5521621   64.3905116  66.2825075
 2025-Dec-18 08:02     10 50 20.32 +06 44 20.0  1.79788579166319  -1.5498554   64.3904579  66.2836250
 2025-Dec-18 08:03     10 50 20.13 +06 44 21.0  1.79788517057555  -1.5475447   64.3904043  66.2847369
 2025-Dec-18 08:04     10 50 19.93 +06 44 22.0  1.79788455041540  -1.5452300   64.3903506  66.2858431
 2025-Dec-18 08:05     10 50 19.74 +06 44 22.9  1.79788393118436  -1.5429112   64.3902970  66.2869437
 2025-Dec-18 08:06     10 50 19.54 +06 44 23.9  1.79788331288402  -1.5405885   64.3902433  66.2880387
 2025-Dec-18 08:07     10 50 19.35 +06 44 24.9  1.79788269551596  -1.5382619   64.3901897  66.2891279
 2025-Dec-18 08:08     10 50 19.16 +06 44 25.9  1.79788207908176  -1.5359313   64.3901360  66.2902115
 2025-Dec-18 08:09     10 50 18.96 +06 44 26.9  1.79788146358300  -1.5335969   64.3900824  66.2912893
 2025-Dec-18 08:10     10 50 18.77 +06 44 27.9  1.79788084902122  -1.5312585   64.3900288  66.2923615
 2025-Dec-18 08:11     10 50 18.58 +06 44 28.9  1.79788023539796  -1.5289164   64.3899751  66.2934279
 2025-Dec-18 08:12     10 50 18.38 +06 44 29.8  1.79787962271478  -1.5265704   64.3899215  66.2944885
 2025-Dec-18 08:13     10 50 18.19 +06 44 30.8  1.79787901097317  -1.5242206   64.3898678  66.2955434
 2025-Dec-18 08:14     10 50 17.99 +06 44 31.8  1.79787840017468  -1.5218671   64.3898142  66.2965925
 2025-Dec-18 08:15     10 50 17.80 +06 44 32.8  1.79787779032079  -1.5195098   64.3897606  66.2976358
 2025-Dec-18 08:16     10 50 17.61 +06 44 33.8  1.79787718141300  -1.5171488   64.3897069  66.2986733
 2025-Dec-18 08:17     10 50 17.41 +06 44 34.8  1.79787657345279  -1.5147842   64.3896533  66.2997050
 2025-Dec-18 08:18     10 50 17.22 +06 44 35.7  1.79787596644164  -1.5124159   64.3895996  66.3007309
 2025-Dec-18 08:19     10 50 17.02 +06 44 36.7  1.79787536038100  -1.5100439   64.3895460  66.3017509
 2025-Dec-18 08:20     10 50 16.83 +06 44 37.7  1.79787475527233  -1.5076684   64.3894924  66.3027651
 2025-Dec-18 08:21     10 50 16.64 +06 44 38.7  1.79787415111708  -1.5052892   64.3894387  66.3037734
 2025-Dec-18 08:22     10 50 16.44 +06 44 39.7  1.79787354791666  -1.5029065   64.3893851  66.3047758
 2025-Dec-18 08:23     10 50 16.25 +06 44 40.7  1.79787294567250  -1.5005203   64.3893315  66.3057723
 2025-Dec-18 08:24     10 50 16.06 +06 44 41.7  1.79787234438600  -1.4981306   64.3892778  66.3067629
 2025-Dec-18 08:25     10 50 15.86 +06 44 42.6  1.79787174405857  -1.4957374   64.3892242  66.3077475
 2025-Dec-18 08:26     10 50 15.67 +06 44 43.6  1.79787114469160  -1.4933408   64.3891706  66.3087263
 2025-Dec-18 08:27     10 50 15.47 +06 44 44.6  1.79787054628645  -1.4909407   64.3891169  66.3096991
 2025-Dec-18 08:28     10 50 15.28 +06 44 45.6  1.79786994884449  -1.4885373   64.3890633  66.3106659
 2025-Dec-18 08:29     10 50 15.09 +06 44 46.6  1.79786935236709  -1.4861305   64.3890097  66.3116268
 2025-Dec-18 08:30     10 50 14.89 +06 44 47.6  1.79786875685558  -1.4837203   64.3889560  66.3125817
 2025-Dec-18 08:31     10 50 14.70 +06 44 48.6  1.79786816231129  -1.4813069   64.3889024  66.3135306
 2025-Dec-18 08:32     10 50 14.51 +06 44 49.5  1.79786756873556  -1.4788901   64.3888488  66.3144735
 2025-Dec-18 08:33     10 50 14.31 +06 44 50.5  1.79786697612968  -1.4764701   64.3887952  66.3154103
 2025-Dec-18 08:34     10 50 14.12 +06 44 51.5  1.79786638449497  -1.4740469   64.3887415  66.3163412
 2025-Dec-18 08:35     10 50 13.92 +06 44 52.5  1.79786579383270  -1.4716205   64.3886879  66.3172660
 2025-Dec-18 08:36     10 50 13.73 +06 44 53.5  1.79786520414416  -1.4691909   64.3886343  66.3181847
 2025-Dec-18 08:37     10 50 13.54 +06 44 54.5  1.79786461543062  -1.4667581   64.3885807  66.3190974
 2025-Dec-18 08:38     10 50 13.34 +06 44 55.4  1.79786402769333  -1.4643223   64.3885270  66.3200040
 2025-Dec-18 08:39     10 50 13.15 +06 44 56.4  1.79786344093354  -1.4618833   64.3884734  66.3209045
 2025-Dec-18 08:40     10 50 12.95 +06 44 57.4  1.79786285515249  -1.4594413   64.3884198  66.3217990
 2025-Dec-18 08:41     10 50 12.76 +06 44 58.4  1.79786227035138  -1.4569962   64.3883662  66.3226873
 2025-Dec-18 08:42     10 50 12.57 +06 44 59.4  1.79786168653145  -1.4545481   64.3883125  66.3235695
 2025-Dec-18 08:43     10 50 12.37 +06 45 00.4  1.79786110369388  -1.4520971   64.3882589  66.3244456
 2025-Dec-18 08:44     10 50 12.18 +06 45 01.4  1.79786052183987  -1.4496431   64.3882053  66.3253155
 2025-Dec-18 08:45     10 50 11.99 +06 45 02.3  1.79785994097060  -1.4471862   64.3881517  66.3261793
 2025-Dec-18 08:46     10 50 11.79 +06 45 03.3  1.79785936108723  -1.4447263   64.3880981  66.3270369
 2025-Dec-18 08:47     10 50 11.60 +06 45 04.3  1.79785878219093  -1.4422637   64.3880445  66.3278884
 2025-Dec-18 08:48     10 50 11.40 +06 45 05.3  1.79785820428282  -1.4397981   64.3879908  66.3287337
 2025-Dec-18 08:49     10 50 11.21 +06 45 06.3  1.79785762736406  -1.4373298   64.3879372  66.3295728
 2025-Dec-18 08:50     10 50 11.02 +06 45 07.3  1.79785705143575  -1.4348587   64.3878836  66.3304057
 2025-Dec-18 08:51     10 50 10.82 +06 45 08.2  1.79785647649902  -1.4323848   64.3878300  66.3312324
 2025-Dec-18 08:52     10 50 10.63 +06 45 09.2  1.79785590255496  -1.4299082   64.3877764  66.3320529
 2025-Dec-18 08:53     10 50 10.43 +06 45 10.2  1.79785532960466  -1.4274288   64.3877228  66.3328671
 2025-Dec-18 08:54     10 50 10.24 +06 45 11.2  1.79785475764919  -1.4249469   64.3876691  66.3336751
 2025-Dec-18 08:55     10 50 10.05 +06 45 12.2  1.79785418668963  -1.4224622   64.3876155  66.3344769
 2025-Dec-18 08:56     10 50 09.85 +06 45 13.2  1.79785361672701  -1.4199750   64.3875619  66.3352724
 2025-Dec-18 08:57     10 50 09.66 +06 45 14.2  1.79785304776240  -1.4174852   64.3875083  66.3360617
 2025-Dec-18 08:58     10 50 09.46 +06 45 15.1  1.79785247979682  -1.4149928   64.3874547  66.3368446
 2025-Dec-18 08:59     10 50 09.27 +06 45 16.1  1.79785191283128  -1.4124979   64.3874011  66.3376213
 2025-Dec-18 09:00     10 50 09.08 +06 45 17.1  1.79785134686680  -1.4100005   64.3873475  66.3383918
 2025-Dec-18 09:01     10 50 08.88 +06 45 18.1  1.79785078190437  -1.4075006   64.3872939  66.3391559
 2025-Dec-18 09:02     10 50 08.69 +06 45 19.1  1.79785021794498  -1.4049983   64.3872403  66.3399137
 2025-Dec-18 09:03     10 50 08.50 +06 45 20.1  1.79784965498960  -1.4024936   64.3871866  66.3406652
 2025-Dec-18 09:04     10 50 08.30 +06 45 21.0  1.79784909303919  -1.3999864   64.3871330  66.3414104
 2025-Dec-18 09:05     10 50 08.11 +06 45 22.0  1.79784853209470  -1.3974770   64.3870794  66.3421492
 2025-Dec-18 09:06     10 50 07.91 +06 45 23.0  1.79784797215708  -1.3949652   64.3870258  66.3428817
 2025-Dec-18 09:07     10 50 07.72 +06 45 24.0  1.79784741322724  -1.3924511   64.3869722  66.3436079
 2025-Dec-18 09:08     10 50 07.53 +06 45 25.0  1.79784685530611  -1.3899347   64.3869186  66.3443277
 2025-Dec-18 09:09     10 50 07.33 +06 45 26.0  1.79784629839458  -1.3874161   64.3868650  66.3450412
 2025-Dec-18 09:10     10 50 07.14 +06 45 27.0  1.79784574249355  -1.3848953   64.3868114  66.3457483
 2025-Dec-18 09:11     10 50 06.94 +06 45 27.9  1.79784518760389  -1.3823723   64.3867578  66.3464490
 2025-Dec-18 09:12     10 50 06.75 +06 45 28.9  1.79784463372649  -1.3798472   64.3867042  66.3471433
 2025-Dec-18 09:13     10 50 06.56 +06 45 29.9  1.79784408086218  -1.3773200   64.3866506  66.3478313
 2025-Dec-18 09:14     10 50 06.36 +06 45 30.9  1.79784352901183  -1.3747906   64.3865970  66.3485128
 2025-Dec-18 09:15     10 50 06.17 +06 45 31.9  1.79784297817625  -1.3722592   64.3865434  66.3491880
 2025-Dec-18 09:16     10 50 05.97 +06 45 32.9  1.79784242835628  -1.3697257   64.3864898  66.3498567
 2025-Dec-18 09:17     10 50 05.78 +06 45 33.8  1.79784187955272  -1.3671903   64.3864362  66.3505191
 2025-Dec-18 09:18     10 50 05.59 +06 45 34.8  1.79784133176636  -1.3646529   64.3863826  66.3511750
 2025-Dec-18 09:19     10 50 05.39 +06 45 35.8  1.79784078499800  -1.3621135   64.3863290  66.3518245
 2025-Dec-18 09:20     10 50 05.20 +06 45 36.8  1.79784023924842  -1.3595722   64.3862754  66.3524675
 2025-Dec-18 09:21     10 50 05.00 +06 45 37.8  1.79783969451836  -1.3570291   64.3862218  66.3531041
 2025-Dec-18 09:22     10 50 04.81 +06 45 38.8  1.79783915080858  -1.3544840   64.3861682  66.3537343
 2025-Dec-18 09:23     10 50 04.62 +06 45 39.8  1.79783860811982  -1.3519372   64.3861146  66.3543580
 2025-Dec-18 09:24     10 50 04.42 +06 45 40.7  1.79783806645281  -1.3493885   64.3860610  66.3549753
 2025-Dec-18 09:25     10 50 04.23 +06 45 41.7  1.79783752580825  -1.3468381   64.3860074  66.3555861
 2025-Dec-18 09:26     10 50 04.03 +06 45 42.7  1.79783698618686  -1.3442860   64.3859539  66.3561904
 2025-Dec-18 09:27     10 50 03.84 +06 45 43.7  1.79783644758932  -1.3417321   64.3859003  66.3567883
 2025-Dec-18 09:28     10 50 03.65 +06 45 44.7  1.79783591001632  -1.3391766   64.3858467  66.3573797
 2025-Dec-18 09:29     10 50 03.45 +06 45 45.7  1.79783537346851  -1.3366194   64.3857931  66.3579646
 2025-Dec-18 09:30     10 50 03.26 +06 45 46.6  1.79783483794655  -1.3340606   64.3857395  66.3585430
 2025-Dec-18 09:31     10 50 03.06 +06 45 47.6  1.79783430345109  -1.3315002   64.3856859  66.3591149
 2025-Dec-18 09:32     10 50 02.87 +06 45 48.6  1.79783376998275  -1.3289383   64.3856323  66.3596803
 2025-Dec-18 09:33     10 50 02.68 +06 45 49.6  1.79783323754216  -1.3263748   64.3855787  66.3602393
 2025-Dec-18 09:34     10 50 02.48 +06 45 50.6  1.79783270612992  -1.3238099   64.3855251  66.3607917
 2025-Dec-18 09:35     10 50 02.29 +06 45 51.6  1.79783217574662  -1.3212434   64.3854715  66.3613376
 2025-Dec-18 09:36     10 50 02.09 +06 45 52.6  1.79783164639285  -1.3186756   64.3854180  66.3618770
 2025-Dec-18 09:37     10 50 01.90 +06 45 53.5  1.79783111806918  -1.3161063   64.3853644  66.3624099
 2025-Dec-18 09:38     10 50 01.71 +06 45 54.5  1.79783059077616  -1.3135356   64.3853108  66.3629362
 2025-Dec-18 09:39     10 50 01.51 +06 45 55.5  1.79783006451434  -1.3109636   64.3852572  66.3634561
 2025-Dec-18 09:40     10 50 01.32 +06 45 56.5  1.79782953928426  -1.3083903   64.3852036  66.3639694
 2025-Dec-18 09:41     10 50 01.12 +06 45 57.5  1.79782901508644  -1.3058157   64.3851500  66.3644761
 2025-Dec-18 09:42     10 50 00.93 +06 45 58.5  1.79782849192139  -1.3032399   64.3850965  66.3649764
 2025-Dec-18 09:43     10 50 00.74 +06 45 59.4  1.79782796978960  -1.3006628   64.3850429  66.3654701
 2025-Dec-18 09:44     10 50 00.54 +06 46 00.4  1.79782744869156  -1.2980845   64.3849893  66.3659572
 2025-Dec-18 09:45     10 50 00.35 +06 46 01.4  1.79782692862774  -1.2955050   64.3849357  66.3664378
 2025-Dec-18 09:46     10 50 00.15 +06 46 02.4  1.79782640959860  -1.2929245   64.3848821  66.3669119
 2025-Dec-18 09:47     10 49 59.96 +06 46 03.4  1.79782589160461  -1.2903428   64.3848286  66.3673794
 2025-Dec-18 09:48     10 49 59.77 +06 46 04.4  1.79782537464618  -1.2877600   64.3847750  66.3678403
 2025-Dec-18 09:49     10 49 59.57 +06 46 05.3  1.79782485872374  -1.2851762   64.3847214  66.3682947
 2025-Dec-18 09:50     10 49 59.38 +06 46 06.3  1.79782434383772  -1.2825914   64.3846678  66.3687426
 2025-Dec-18 09:51     10 49 59.18 +06 46 07.3  1.79782382998850  -1.2800056   64.3846142  66.3691839
 2025-Dec-18 09:52     10 49 58.99 +06 46 08.3  1.79782331717647  -1.2774189   64.3845607  66.3696186
 2025-Dec-18 09:53     10 49 58.80 +06 46 09.3  1.79782280540202  -1.2748312   64.3845071  66.3700467
 2025-Dec-18 09:54     10 49 58.60 +06 46 10.3  1.79782229466550  -1.2722426   64.3844535  66.3704683
 2025-Dec-18 09:55     10 49 58.41 +06 46 11.3  1.79782178496726  -1.2696532   64.3843999  66.3708833
 2025-Dec-18 09:56     10 49 58.21 +06 46 12.2  1.79782127630765  -1.2670630   64.3843464  66.3712918
 2025-Dec-18 09:57     10 49 58.02 +06 46 13.2  1.79782076868700  -1.2644719   64.3842928  66.3716936
 2025-Dec-18 09:58     10 49 57.82 +06 46 14.2  1.79782026210561  -1.2618801   64.3842392  66.3720889
 2025-Dec-18 09:59     10 49 57.63 +06 46 15.2  1.79781975656378  -1.2592875   64.3841857  66.3724776
 2025-Dec-18 10:00     10 49 57.44 +06 46 16.2  1.79781925206181  -1.2566943   64.3841321  66.3728598
 2025-Dec-18 10:01     10 49 57.24 +06 46 17.2  1.79781874859998  -1.2541003   64.3840785  66.3732354
 2025-Dec-18 10:02     10 49 57.05 +06 46 18.1  1.79781824617856  -1.2515057   64.3840250  66.3736043
 2025-Dec-18 10:03     10 49 56.85 +06 46 19.1  1.79781774479778  -1.2489105   64.3839714  66.3739668
 2025-Dec-18 10:04     10 49 56.66 +06 46 20.1  1.79781724445790  -1.2463148   64.3839178  66.3743226
 2025-Dec-18 10:05     10 49 56.47 +06 46 21.1  1.79781674515915  -1.2437184   64.3838642  66.3746718
 2025-Dec-18 10:06     10 49 56.27 +06 46 22.1  1.79781624690173  -1.2411215   64.3838107  66.3750145
 2025-Dec-18 10:07     10 49 56.08 +06 46 23.1  1.79781574968586  -1.2385242   64.3837571  66.3753506
 2025-Dec-18 10:08     10 49 55.88 +06 46 24.0  1.79781525351173  -1.2359263   64.3837035  66.3756801
 2025-Dec-18 10:09     10 49 55.69 +06 46 25.0  1.79781475837950  -1.2333281   64.3836500  66.3760030
 2025-Dec-18 10:10     10 49 55.50 +06 46 26.0  1.79781426428937  -1.2307294   64.3835964  66.3763194
 2025-Dec-18 10:11     10 49 55.30 +06 46 27.0  1.79781377124146  -1.2281304   64.3835429  66.3766291
 2025-Dec-18 10:12     10 49 55.11 +06 46 28.0  1.79781327923594  -1.2255310   64.3834893  66.3769323
 2025-Dec-18 10:13     10 49 54.91 +06 46 29.0  1.79781278827293  -1.2229314   64.3834357  66.3772289
 2025-Dec-18 10:14     10 49 54.72 +06 46 30.0  1.79781229835254  -1.2203314   64.3833822  66.3775190
 2025-Dec-18 10:15     10 49 54.53 +06 46 30.9  1.79781180947489  -1.2177312   64.3833286  66.3778024
 2025-Dec-18 10:16     10 49 54.33 +06 46 31.9  1.79781132164006  -1.2151308   64.3832751  66.3780793
 2025-Dec-18 10:17     10 49 54.14 +06 46 32.9  1.79781083484814  -1.2125302   64.3832215  66.3783496
 2025-Dec-18 10:18     10 49 53.94 +06 46 33.9  1.79781034909920  -1.2099294   64.3831679  66.3786133
 2025-Dec-18 10:19     10 49 53.75 +06 46 34.9  1.79780986439328  -1.2073285   64.3831144  66.3788704
 2025-Dec-18 10:20     10 49 53.56 +06 46 35.9  1.79780938073044  -1.2047275   64.3830608  66.3791210
 2025-Dec-18 10:21     10 49 53.36 +06 46 36.8  1.79780889811071  -1.2021265   64.3830073  66.3793650
 2025-Dec-18 10:22  t  10 49 53.17 +06 46 37.8  1.79780841653410  -1.1995254   64.3829537  66.3796024
 2025-Dec-18 10:23     10 49 52.97 +06 46 38.8  1.79780793600063  -1.1969243   64.3829002  66.3798332
 2025-Dec-18 10:24     10 49 52.78 +06 46 39.8  1.79780745651028  -1.1943233   64.3828466  66.3800575
 2025-Dec-18 10:25     10 49 52.58 +06 46 40.8  1.79780697806304  -1.1917223   64.3827930  66.3802752
 2025-Dec-18 10:26     10 49 52.39 +06 46 41.8  1.79780650065888  -1.1891214   64.3827395  66.3804864
 2025-Dec-18 10:27     10 49 52.20 +06 46 42.7  1.79780602429776  -1.1865206   64.3826859  66.3806910
 2025-Dec-18 10:28     10 49 52.00 +06 46 43.7  1.79780554897962  -1.1839200   64.3826324  66.3808890
 2025-Dec-18 10:29     10 49 51.81 +06 46 44.7  1.79780507470439  -1.1813196   64.3825788  66.3810805
 2025-Dec-18 10:30     10 49 51.61 +06 46 45.7  1.79780460147200  -1.1787193   64.3825253  66.3812654
 2025-Dec-18 10:31     10 49 51.42 +06 46 46.7  1.79780412928235  -1.1761194   64.3824717  66.3814438
 2025-Dec-18 10:32     10 49 51.23 +06 46 47.7  1.79780365813534  -1.1735196   64.3824182  66.3816156
 2025-Dec-18 10:33     10 49 51.03 +06 46 48.7  1.79780318803086  -1.1709202   64.3823646  66.3817809
 2025-Dec-18 10:34     10 49 50.84 +06 46 49.6  1.79780271896877  -1.1683212   64.3823111  66.3819397
 2025-Dec-18 10:35     10 49 50.64 +06 46 50.6  1.79780225094893  -1.1657225   64.3822575  66.3820919
 2025-Dec-18 10:36     10 49 50.45 +06 46 51.6  1.79780178397119  -1.1631242   64.3822040  66.3822375
 2025-Dec-18 10:37     10 49 50.26 +06 46 52.6  1.79780131803538  -1.1605263   64.3821504  66.3823767
 2025-Dec-18 10:38     10 49 50.06 +06 46 53.6  1.79780085314134  -1.1579289   64.3820969  66.3825093
 2025-Dec-18 10:39     10 49 49.87 +06 46 54.6  1.79780038928885  -1.1553320   64.3820434  66.3826353
 2025-Dec-18 10:40     10 49 49.67 +06 46 55.5  1.79779992647773  -1.1527355   64.3819898  66.3827549
 2025-Dec-18 10:41     10 49 49.48 +06 46 56.5  1.79779946470776  -1.1501397   64.3819363  66.3828679
 2025-Dec-18 10:42     10 49 49.28 +06 46 57.5  1.79779900397871  -1.1475444   64.3818827  66.3829744
 2025-Dec-18 10:43     10 49 49.09 +06 46 58.5  1.79779854429034  -1.1449498   64.3818292  66.3830745
 2025-Dec-18 10:44     10 49 48.90 +06 46 59.5  1.79779808564240  -1.1423557   64.3817756  66.3831680
 2025-Dec-18 10:45     10 49 48.70 +06 47 00.5  1.79779762803462  -1.1397624   64.3817221  66.3832550
 2025-Dec-18 10:46     10 49 48.51 +06 47 01.4  1.79779717146674  -1.1371698   64.3816686  66.3833355
 2025-Dec-18 10:47     10 49 48.31 +06 47 02.4  1.79779671593846  -1.1345779   64.3816150  66.3834095
 2025-Dec-18 10:48     10 49 48.12 +06 47 03.4  1.79779626144947  -1.1319867   64.3815615  66.3834770
 2025-Dec-18 10:49     10 49 47.93 +06 47 04.4  1.79779580799948  -1.1293964   64.3815079  66.3835381
 2025-Dec-18 10:50     10 49 47.73 +06 47 05.4  1.79779535558814  -1.1268069   64.3814544  66.3835926
 2025-Dec-18 10:51     10 49 47.54 +06 47 06.4  1.79779490421513  -1.1242182   64.3814009  66.3836407
 2025-Dec-18 10:52     10 49 47.34 +06 47 07.3  1.79779445388010  -1.1216304   64.3813473  66.3836824
 2025-Dec-18 10:53     10 49 47.15 +06 47 08.3  1.79779400458267  -1.1190436   64.3812938  66.3837175
 2025-Dec-18 10:54     10 49 46.96 +06 47 09.3  1.79779355632249  -1.1164577   64.3812403  66.3837463
 2025-Dec-18 10:55     10 49 46.76 +06 47 10.3  1.79779310909915  -1.1138727   64.3811867  66.3837685
 2025-Dec-18 10:56     10 49 46.57 +06 47 11.3  1.79779266291227  -1.1112888   64.3811332  66.3837843
 2025-Dec-18 10:57 A   10 49 46.37 +06 47 12.3  1.79779221776144  -1.1087059   64.3810797  66.3837937
 2025-Dec-18 10:58 A   10 49 46.18 +06 47 13.2  1.79779177364622  -1.1061241   64.3810261  66.3837967
 2025-Dec-18 10:59 A   10 49 45.98 +06 47 14.2  1.79779133056619  -1.1035434   64.3809726  66.3837932
 2025-Dec-18 11:00 A   10 49 45.79 +06 47 15.2  1.79779088852089  -1.1009639   64.3809191  66.3837833
 2025-Dec-18 11:01 A   10 49 45.60 +06 47 16.2  1.79779044750987  -1.0983854   64.3808655  66.3837670
 2025-Dec-18 11:02 A   10 49 45.40 +06 47 17.2  1.79779000753265  -1.0958082   64.3808120  66.3837442
 2025-Dec-18 11:03 A   10 49 45.21 +06 47 18.2  1.79778956858876  -1.0932322   64.3807585  66.3837151
 2025-Dec-18 11:04 A   10 49 45.01 +06 47 19.2  1.79778913067769  -1.0906575   64.3807049  66.3836796
 2025-Dec-18 11:05 A   10 49 44.82 +06 47 20.1  1.79778869379894  -1.0880840   64.3806514  66.3836377
 2025-Dec-18 11:06 A   10 49 44.63 +06 47 21.1  1.79778825795199  -1.0855118   64.3805979  66.3835894
 2025-Dec-18 11:07 A   10 49 44.43 +06 47 22.1  1.79778782313630  -1.0829410   64.3805444  66.3835348
 2025-Dec-18 11:08 A   10 49 44.24 +06 47 23.1  1.79778738935134  -1.0803716   64.3804908  66.3834737
 2025-Dec-18 11:09 A   10 49 44.04 +06 47 24.1  1.79778695659653  -1.0778035   64.3804373  66.3834063
 2025-Dec-18 11:10 A   10 49 43.85 +06 47 25.1  1.79778652487133  -1.0752369   64.3803838  66.3833326
 2025-Dec-18 11:11 A   10 49 43.66 +06 47 26.0  1.79778609417514  -1.0726718   64.3803303  66.3832525
 2025-Dec-18 11:12 A   10 49 43.46 +06 47 27.0  1.79778566450737  -1.0701081   64.3802767  66.3831661
 2025-Dec-18 11:13 A   10 49 43.27 +06 47 28.0  1.79778523586741  -1.0675460   64.3802232  66.3830733
 2025-Dec-18 11:14 A   10 49 43.07 +06 47 29.0  1.79778480825466  -1.0649854   64.3801697  66.3829743
 2025-Dec-18 11:15 A   10 49 42.88 +06 47 30.0  1.79778438166849  -1.0624264   64.3801162  66.3828689
 2025-Dec-18 11:16 A   10 49 42.68 +06 47 31.0  1.79778395610824  -1.0598691   64.3800627  66.3827572
 2025-Dec-18 11:17 A   10 49 42.49 +06 47 31.9  1.79778353157327  -1.0573133   64.3800091  66.3826392
 2025-Dec-18 11:18 A   10 49 42.30 +06 47 32.9  1.79778310806291  -1.0547593   64.3799556  66.3825149
 2025-Dec-18 11:19 A   10 49 42.10 +06 47 33.9  1.79778268557650  -1.0522069   64.3799021  66.3823844
 2025-Dec-18 11:20 A   10 49 41.91 +06 47 34.9  1.79778226411333  -1.0496563   64.3798486  66.3822476
 2025-Dec-18 11:21 A   10 49 41.71 +06 47 35.9  1.79778184367271  -1.0471074   64.3797951  66.3821045
 2025-Dec-18 11:22 A   10 49 41.52 +06 47 36.9  1.79778142425392  -1.0445603   64.3797415  66.3819551
 2025-Dec-18 11:23 A   10 49 41.33 +06 47 37.8  1.79778100585625  -1.0420151   64.3796880  66.3817996
 2025-Dec-18 11:24 A   10 49 41.13 +06 47 38.8  1.79778058847895  -1.0394717   64.3796345  66.3816377
 2025-Dec-18 11:25 A   10 49 40.94 +06 47 39.8  1.79778017212127  -1.0369301   64.3795810  66.3814697
 2025-Dec-18 11:26 A   10 49 40.74 +06 47 40.8  1.79777975678247  -1.0343905   64.3795275  66.3812954
 2025-Dec-18 11:27 Am  10 49 40.55 +06 47 41.8  1.79777934246175  -1.0318528   64.3794740  66.3811150
 2025-Dec-18 11:28 Am  10 49 40.35 +06 47 42.8  1.79777892915835  -1.0293171   64.3794205  66.3809283
 2025-Dec-18 11:29 Nm  10 49 40.16 +06 47 43.7  1.79777851687147  -1.0267834   64.3793669  66.3807354
 2025-Dec-18 11:30 Nm  10 49 39.97 +06 47 44.7  1.79777810560029  -1.0242517   64.3793134  66.3805364
 2025-Dec-18 11:31 Nm  10 49 39.77 +06 47 45.7  1.79777769534400  -1.0217221   64.3792599  66.3803312
 2025-Dec-18 11:32 Nm  10 49 39.58 +06 47 46.7  1.79777728610177  -1.0191946   64.3792064  66.3801198
 2025-Dec-18 11:33 Nm  10 49 39.38 +06 47 47.7  1.79777687787275  -1.0166692   64.3791529  66.3799023
 2025-Dec-18 11:34 Nm  10 49 39.19 +06 47 48.7  1.79777647065609  -1.0141459   64.3790994  66.3796787
 2025-Dec-18 11:35 Nm  10 49 39.00 +06 47 49.6  1.79777606445093  -1.0116248   64.3790459  66.3794489
 2025-Dec-18 11:36 Nm  10 49 38.80 +06 47 50.6  1.79777565925639  -1.0091059   64.3789924  66.3792130
 2025-Dec-18 11:37 Nm  10 49 38.61 +06 47 51.6  1.79777525507157  -1.0065892   64.3789389  66.3789710
 2025-Dec-18 11:38 Nm  10 49 38.41 +06 47 52.6  1.79777485189558  -1.0040748   64.3788854  66.3787229
 2025-Dec-18 11:39 Nm  10 49 38.22 +06 47 53.6  1.79777444972750  -1.0015627   64.3788319  66.3784687
 2025-Dec-18 11:40 Nm  10 49 38.03 +06 47 54.6  1.79777404856640  -0.9990529   64.3787784  66.3782085
 2025-Dec-18 11:41 Nm  10 49 37.83 +06 47 55.5  1.79777364841137  -0.9965455   64.3787248  66.3779421
 2025-Dec-18 11:42 Nm  10 49 37.64 +06 47 56.5  1.79777324926143  -0.9940404   64.3786713  66.3776698
 2025-Dec-18 11:43 Nm  10 49 37.44 +06 47 57.5  1.79777285111564  -0.9915378   64.3786178  66.3773914
 2025-Dec-18 11:44 Nm  10 49 37.25 +06 47 58.5  1.79777245397303  -0.9890375   64.3785643  66.3771069
 2025-Dec-18 11:45 Nm  10 49 37.05 +06 47 59.5  1.79777205783260  -0.9865398   64.3785108  66.3768165
 2025-Dec-18 11:46 Nm  10 49 36.86 +06 48 00.5  1.79777166269338  -0.9840445   64.3784573  66.3765200
 2025-Dec-18 11:47 Nm  10 49 36.67 +06 48 01.4  1.79777126855434  -0.9815518   64.3784038  66.3762175
 2025-Dec-18 11:48 Nm  10 49 36.47 +06 48 02.4  1.79777087541448  -0.9790616   64.3783503  66.3759091
 2025-Dec-18 11:49 Nm  10 49 36.28 +06 48 03.4  1.79777048327277  -0.9765740   64.3782968  66.3755947
 2025-Dec-18 11:50 Nm  10 49 36.08 +06 48 04.4  1.79777009212817  -0.9740889   64.3782433  66.3752743
 2025-Dec-18 11:51 Nm  10 49 35.89 +06 48 05.4  1.79776970197962  -0.9716066   64.3781898  66.3749480
 2025-Dec-18 11:52 Nm  10 49 35.70 +06 48 06.4  1.79776931282606  -0.9691269   64.3781363  66.3746157
 2025-Dec-18 11:53 Nm  10 49 35.50 +06 48 07.4  1.79776892466642  -0.9666499   64.3780828  66.3742775
 2025-Dec-18 11:54 Nm  10 49 35.31 +06 48 08.3  1.79776853749962  -0.9641756   64.3780293  66.3739335
 2025-Dec-18 11:55 Nm  10 49 35.11 +06 48 09.3  1.79776815132455  -0.9617040   64.3779759  66.3735835
 2025-Dec-18 11:56 Nm  10 49 34.92 +06 48 10.3  1.79776776614011  -0.9592352   64.3779224  66.3732276
 2025-Dec-18 11:57 Nm  10 49 34.73 +06 48 11.3  1.79776738194518  -0.9567693   64.3778689  66.3728659
 2025-Dec-18 11:58 Nm  10 49 34.53 +06 48 12.3  1.79776699873863  -0.9543061   64.3778154  66.3724983
 2025-Dec-18 11:59 Nm  10 49 34.34 +06 48 13.3  1.79776661651931  -0.9518459   64.3777619  66.3721249
 2025-Dec-18 12:00 Nm  10 49 34.14 +06 48 14.2  1.79776623528608  -0.9493885   64.3777084  66.3717456
 2025-Dec-18 12:01 Nm  10 49 33.95 +06 48 15.2  1.79776585503776  -0.9469340   64.3776549  66.3713605
 2025-Dec-18 12:02 Cm  10 49 33.75 +06 48 16.2  1.79776547577319  -0.9444825   64.3776014  66.3709696
 2025-Dec-18 12:03 Cm  10 49 33.56 +06 48 17.2  1.79776509749117  -0.9420340   64.3775479  66.3705729
 2025-Dec-18 12:04 Cm  10 49 33.37 +06 48 18.2  1.79776472019051  -0.9395884   64.3774944  66.3701705
 2025-Dec-18 12:05 Cm  10 49 33.17 +06 48 19.2  1.79776434387000  -0.9371459   64.3774409  66.3697622
 2025-Dec-18 12:06 Cm  10 49 32.98 +06 48 20.1  1.79776396852842  -0.9347065   64.3773874  66.3693483
 2025-Dec-18 12:07 Cm  10 49 32.78 +06 48 21.1  1.79776359416454  -0.9322701   64.3773340  66.3689285
 2025-Dec-18 12:08 Cm  10 49 32.59 +06 48 22.1  1.79776322077711  -0.9298368   64.3772805  66.3685031
 2025-Dec-18 12:09 Cm  10 49 32.40 +06 48 23.1  1.79776284836488  -0.9274067   64.3772270  66.3680720
 2025-Dec-18 12:10 Cm  10 49 32.20 +06 48 24.1  1.79776247692659  -0.9249798   64.3771735  66.3676351
 2025-Dec-18 12:11 Cm  10 49 32.01 +06 48 25.1  1.79776210646096  -0.9225560   64.3771200  66.3671926
 2025-Dec-18 12:12 Cm  10 49 31.81 +06 48 26.0  1.79776173696671  -0.9201355   64.3770665  66.3667444
 2025-Dec-18 12:13 Cm  10 49 31.62 +06 48 27.0  1.79776136844253  -0.9177182   64.3770131  66.3662906
 2025-Dec-18 12:14 Cm  10 49 31.43 +06 48 28.0  1.79776100088713  -0.9153042   64.3769596  66.3658311
 2025-Dec-18 12:15 Cm  10 49 31.23 +06 48 29.0  1.79776063429918  -0.9128934   64.3769061  66.3653661
 2025-Dec-18 12:16 Cm  10 49 31.04 +06 48 30.0  1.79776026867735  -0.9104861   64.3768526  66.3648954
 2025-Dec-18 12:17 Cm  10 49 30.84 +06 48 31.0  1.79775990402030  -0.9080820   64.3767991  66.3644191
 2025-Dec-18 12:18 Cm  10 49 30.65 +06 48 31.9  1.79775954032668  -0.9056814   64.3767456  66.3639372
 2025-Dec-18 12:19 Cm  10 49 30.45 +06 48 32.9  1.79775917759513  -0.9032841   64.3766922  66.3634498
 2025-Dec-18 12:20 Cm  10 49 30.26 +06 48 33.9  1.79775881582427  -0.9008903   64.3766387  66.3629569
 2025-Dec-18 12:21 Cm  10 49 30.07 +06 48 34.9  1.79775845501272  -0.8985000   64.3765852  66.3624584
 2025-Dec-18 12:22 Cm  10 49 29.87 +06 48 35.9  1.79775809515909  -0.8961132   64.3765317  66.3619544
 2025-Dec-18 12:23 Cm  10 49 29.68 +06 48 36.9  1.79775773626197  -0.8937298   64.3764783  66.3614449
 2025-Dec-18 12:24 Cm  10 49 29.48 +06 48 37.8  1.79775737831995  -0.8913501   64.3764248  66.3609299
 2025-Dec-18 12:25 Cm  10 49 29.29 +06 48 38.8  1.79775702133159  -0.8889738   64.3763713  66.3604094
 2025-Dec-18 12:26 Cm  10 49 29.10 +06 48 39.8  1.79775666529547  -0.8866012   64.3763178  66.3598835
 2025-Dec-18 12:27 *m  10 49 28.90 +06 48 40.8  1.79775631021013  -0.8842322   64.3762644  66.3593522
 2025-Dec-18 12:28 *m  10 49 28.71 +06 48 41.8  1.79775595607412  -0.8818669   64.3762109  66.3588155
 2025-Dec-18 12:29 *m  10 49 28.51 +06 48 42.8  1.79775560288597  -0.8795052   64.3761574  66.3582733
 2025-Dec-18 12:30 *m  10 49 28.32 +06 48 43.7  1.79775525064419  -0.8771472   64.3761039  66.3577258
 2025-Dec-18 12:31 *m  10 49 28.13 +06 48 44.7  1.79775489934731  -0.8747930   64.3760505  66.3571729
 2025-Dec-18 12:32 *m  10 49 27.93 +06 48 45.7  1.79775454899381  -0.8724425   64.3759970  66.3566146
 2025-Dec-18 12:33 *m  10 49 27.74 +06 48 46.7  1.79775419958220  -0.8700958   64.3759435  66.3560510
 2025-Dec-18 12:34 *m  10 49 27.54 +06 48 47.7  1.79775385111094  -0.8677529   64.3758900  66.3554821
 2025-Dec-18 12:35 *m  10 49 27.35 +06 48 48.7  1.79775350357851  -0.8654138   64.3758366  66.3549079
 2025-Dec-18 12:36 *m  10 49 27.16 +06 48 49.6  1.79775315698337  -0.8630786   64.3757831  66.3543284
 2025-Dec-18 12:37 *m  10 49 26.96 +06 48 50.6  1.79775281132397  -0.8607472   64.3757296  66.3537436
 2025-Dec-18 12:38 *m  10 49 26.77 +06 48 51.6  1.79775246659874  -0.8584198   64.3756762  66.3531536
 2025-Dec-18 12:39 *m  10 49 26.57 +06 48 52.6  1.79775212280611  -0.8560963   64.3756227  66.3525583
 2025-Dec-18 12:40 *m  10 49 26.38 +06 48 53.6  1.79775177994450  -0.8537768   64.3755692  66.3519579
 2025-Dec-18 12:41 *m  10 49 26.18 +06 48 54.5  1.79775143801232  -0.8514612   64.3755158  66.3513522
 2025-Dec-18 12:42 *m  10 49 25.99 +06 48 55.5  1.79775109700796  -0.8491496   64.3754623  66.3507414
 2025-Dec-18 12:43 *m  10 49 25.80 +06 48 56.5  1.79775075692982  -0.8468421   64.3754089  66.3501254
 2025-Dec-18 12:44 *m  10 49 25.60 +06 48 57.5  1.79775041777627  -0.8445387   64.3753554  66.3495042
 2025-Dec-18 12:45 *m  10 49 25.41 +06 48 58.5  1.79775007954567  -0.8422393   64.3753019  66.3488779
 2025-Dec-18 12:46 *m  10 49 25.21 +06 48 59.5  1.79774974223639  -0.8399440   64.3752485  66.3482465
 2025-Dec-18 12:47 *m  10 49 25.02 +06 49 00.4  1.79774940584678  -0.8376529   64.3751950  66.3476100
 2025-Dec-18 12:48 *m  10 49 24.83 +06 49 01.4  1.79774907037516  -0.8353659   64.3751415  66.3469685
 2025-Dec-18 12:49 *m  10 49 24.63 +06 49 02.4  1.79774873581987  -0.8330831   64.3750881  66.3463219
 2025-Dec-18 12:50 *m  10 49 24.44 +06 49 03.4  1.79774840217923  -0.8308045   64.3750346  66.3456702
 2025-Dec-18 12:51 *m  10 49 24.24 +06 49 04.4  1.79774806945154  -0.8285301   64.3749812  66.3450136
 2025-Dec-18 12:52 *m  10 49 24.05 +06 49 05.4  1.79774773763511  -0.8262600   64.3749277  66.3443519
 2025-Dec-18 12:53 *m  10 49 23.86 +06 49 06.3  1.79774740672821  -0.8239942   64.3748742  66.3436853
 2025-Dec-18 12:54 *m  10 49 23.66 +06 49 07.3  1.79774707672914  -0.8217327   64.3748208  66.3430137
 2025-Dec-18 12:55 *m  10 49 23.47 +06 49 08.3  1.79774674763615  -0.8194755   64.3747673  66.3423371
 2025-Dec-18 12:56 *m  10 49 23.27 +06 49 09.3  1.79774641944751  -0.8172227   64.3747139  66.3416557
 2025-Dec-18 12:57 *m  10 49 23.08 +06 49 10.3  1.79774609216147  -0.8149742   64.3746604  66.3409693
 2025-Dec-18 12:58 *m  10 49 22.89 +06 49 11.3  1.79774576577627  -0.8127301   64.3746070  66.3402780
 2025-Dec-18 12:59 *m  10 49 22.69 +06 49 12.2  1.79774544029014  -0.8104905   64.3745535  66.3395819
 2025-Dec-18 13:00 *m  10 49 22.50 +06 49 13.2  1.79774511570129  -0.8082553   64.3745001  66.3388809
 2025-Dec-18 13:01 *m  10 49 22.30 +06 49 14.2  1.79774479200795  -0.8060246   64.3744466  66.3381751
 2025-Dec-18 13:02 *m  10 49 22.11 +06 49 15.2  1.79774446920831  -0.8037984   64.3743932  66.3374645
 2025-Dec-18 13:03 *m  10 49 21.92 +06 49 16.2  1.79774414730056  -0.8015767   64.3743397  66.3367491
 2025-Dec-18 13:04 *m  10 49 21.72 +06 49 17.2  1.79774382628290  -0.7993595   64.3742863  66.3360290
 2025-Dec-18 13:05 *m  10 49 21.53 +06 49 18.1  1.79774350615348  -0.7971469   64.3742328  66.3353040
 2025-Dec-18 13:06 *m  10 49 21.33 +06 49 19.1  1.79774318691049  -0.7949389   64.3741794  66.3345744
 2025-Dec-18 13:07 *m  10 49 21.14 +06 49 20.1  1.79774286855207  -0.7927355   64.3741259  66.3338400
 2025-Dec-18 13:08 *m  10 49 20.95 +06 49 21.1  1.79774255107636  -0.7905367   64.3740725  66.3331010
 2025-Dec-18 13:09 *m  10 49 20.75 +06 49 22.1  1.79774223448152  -0.7883426   64.3740190  66.3323573
 2025-Dec-18 13:10 *m  10 49 20.56 +06 49 23.1  1.79774191876565  -0.7861532   64.3739656  66.3316089
 2025-Dec-18 13:11 *m  10 49 20.36 +06 49 24.0  1.79774160392689  -0.7839684   64.3739121  66.3308559
 2025-Dec-18 13:12 *m  10 49 20.17 +06 49 25.0  1.79774128996334  -0.7817884   64.3738587  66.3300984
 2025-Dec-18 13:13 *m  10 49 19.98 +06 49 26.0  1.79774097687311  -0.7796132   64.3738052  66.3293362
 2025-Dec-18 13:14 *m  10 49 19.78 +06 49 27.0  1.79774066465427  -0.7774427   64.3737518  66.3285694
 2025-Dec-18 13:15 *m  10 49 19.59 +06 49 28.0  1.79774035330493  -0.7752770   64.3736984  66.3277981
 2025-Dec-18 13:16 *m  10 49 19.39 +06 49 29.0  1.79774004282314  -0.7731161   64.3736449  66.3270223
 2025-Dec-18 13:17 *m  10 49 19.20 +06 49 29.9  1.79773973320697  -0.7709601   64.3735915  66.3262420
 2025-Dec-18 13:18 *m  10 49 19.01 +06 49 30.9  1.79773942445449  -0.7688089   64.3735380  66.3254572
 2025-Dec-18 13:19 *m  10 49 18.81 +06 49 31.9  1.79773911656373  -0.7666626   64.3734846  66.3246679
 2025-Dec-18 13:20 *m  10 49 18.62 +06 49 32.9  1.79773880953274  -0.7645212   64.3734311  66.3238742
 2025-Dec-18 13:21 *m  10 49 18.42 +06 49 33.9  1.79773850335954  -0.7623848   64.3733777  66.3230761
 2025-Dec-18 13:22 *m  10 49 18.23 +06 49 34.9  1.79773819804215  -0.7602532   64.3733243  66.3222735
 2025-Dec-18 13:23 *m  10 49 18.04 +06 49 35.8  1.79773789357859  -0.7581267   64.3732708  66.3214666
 2025-Dec-18 13:24 *m  10 49 17.84 +06 49 36.8  1.79773758996686  -0.7560051   64.3732174  66.3206553
 2025-Dec-18 13:25 *m  10 49 17.65 +06 49 37.8  1.79773728720495  -0.7538886   64.3731640  66.3198397
 2025-Dec-18 13:26 *m  10 49 17.45 +06 49 38.8  1.79773698529085  -0.7517770   64.3731105  66.3190198
 2025-Dec-18 13:27 *m  10 49 17.26 +06 49 39.8  1.79773668422254  -0.7496706   64.3730571  66.3181956
 2025-Dec-18 13:28 *m  10 49 17.07 +06 49 40.8  1.79773638399798  -0.7475692   64.3730037  66.3173672
 2025-Dec-18 13:29 *m  10 49 16.87 +06 49 41.7  1.79773608461514  -0.7454729   64.3729502  66.3165344
 2025-Dec-18 13:30 *m  10 49 16.68 +06 49 42.7  1.79773578607197  -0.7433817   64.3728968  66.3156975
 2025-Dec-18 13:31 *m  10 49 16.48 +06 49 43.7  1.79773548836641  -0.7412957   64.3728434  66.3148563
 2025-Dec-18 13:32 *m  10 49 16.29 +06 49 44.7  1.79773519149640  -0.7392148   64.3727899  66.3140110
 2025-Dec-18 13:33 *m  10 49 16.10 +06 49 45.7  1.79773489545986  -0.7371391   64.3727365  66.3131615
 2025-Dec-18 13:34 *m  10 49 15.90 +06 49 46.7  1.79773460025472  -0.7350686   64.3726831  66.3123079
 2025-Dec-18 13:35 *m  10 49 15.71 +06 49 47.6  1.79773430587887  -0.7330033   64.3726296  66.3114502
 2025-Dec-18 13:36 *m  10 49 15.51 +06 49 48.6  1.79773401233024  -0.7309433   64.3725762  66.3105883
 2025-Dec-18 13:37 *m  10 49 15.32 +06 49 49.6  1.79773371960671  -0.7288885   64.3725228  66.3097224
 2025-Dec-18 13:38 *m  10 49 15.13 +06 49 50.6  1.79773342770616  -0.7268390   64.3724693  66.3088525
 2025-Dec-18 13:39 *m  10 49 14.93 +06 49 51.6  1.79773313662647  -0.7247948   64.3724159  66.3079785
 2025-Dec-18 13:40 *m  10 49 14.74 +06 49 52.5  1.79773284636553  -0.7227559   64.3723625  66.3071005
 2025-Dec-18 13:41 *m  10 49 14.54 +06 49 53.5  1.79773255692117  -0.7207224   64.3723091  66.3062186
 2025-Dec-18 13:42 *m  10 49 14.35 +06 49 54.5  1.79773226829127  -0.7186942   64.3722556  66.3053327
 2025-Dec-18 13:43 *m  10 49 14.16 +06 49 55.5  1.79773198047367  -0.7166714   64.3722022  66.3044428
 2025-Dec-18 13:44 *m  10 49 13.96 +06 49 56.5  1.79773169346620  -0.7146540   64.3721488  66.3035491
 2025-Dec-18 13:45 *m  10 49 13.77 +06 49 57.5  1.79773140726670  -0.7126420   64.3720954  66.3026514
 2025-Dec-18 13:46 *m  10 49 13.57 +06 49 58.4  1.79773112187299  -0.7106355   64.3720419  66.3017499
 2025-Dec-18 13:47 *m  10 49 13.38 +06 49 59.4  1.79773083728288  -0.7086344   64.3719885  66.3008446
 2025-Dec-18 13:48 *m  10 49 13.19 +06 50 00.4  1.79773055349418  -0.7066388   64.3719351  66.2999354
 2025-Dec-18 13:49 *m  10 49 12.99 +06 50 01.4  1.79773027050470  -0.7046487   64.3718817  66.2990225
 2025-Dec-18 13:50 *m  10 49 12.80 +06 50 02.4  1.79772998831222  -0.7026641   64.3718283  66.2981057
 2025-Dec-18 13:51 *m  10 49 12.61 +06 50 03.4  1.79772970691453  -0.7006851   64.3717748  66.2971853
 2025-Dec-18 13:52 *m  10 49 12.41 +06 50 04.3  1.79772942630940  -0.6987115   64.3717214  66.2962611
 2025-Dec-18 13:53 *m  10 49 12.22 +06 50 05.3  1.79772914649461  -0.6967436   64.3716680  66.2953332
 2025-Dec-18 13:54 *m  10 49 12.02 +06 50 06.3  1.79772886746792  -0.6947813   64.3716146  66.2944016
 2025-Dec-18 13:55 *m  10 49 11.83 +06 50 07.3  1.79772858922708  -0.6928245   64.3715612  66.2934664
 2025-Dec-18 13:56 *m  10 49 11.64 +06 50 08.3  1.79772831176984  -0.6908734   64.3715078  66.2925276
 2025-Dec-18 13:57 *m  10 49 11.44 +06 50 09.3  1.79772803509394  -0.6889279   64.3714543  66.2915851
 2025-Dec-18 13:58 *m  10 49 11.25 +06 50 10.2  1.79772775919712  -0.6869881   64.3714009  66.2906391
 2025-Dec-18 13:59 *m  10 49 11.05 +06 50 11.2  1.79772748407709  -0.6850540   64.3713475  66.2896895
 2025-Dec-18 14:00 *m  10 49 10.86 +06 50 12.2  1.79772720973159  -0.6831255   64.3712941  66.2887364
 2025-Dec-18 14:01 *m  10 49 10.67 +06 50 13.2  1.79772693615831  -0.6812028   64.3712407  66.2877798
 2025-Dec-18 14:02 *m  10 49 10.47 +06 50 14.2  1.79772666335497  -0.6792858   64.3711873  66.2868197
 2025-Dec-18 14:03 *m  10 49 10.28 +06 50 15.2  1.79772639131926  -0.6773746   64.3711339  66.2858561
 2025-Dec-18 14:04 *m  10 49 10.08 +06 50 16.1  1.79772612004887  -0.6754691   64.3710805  66.2848891
 2025-Dec-18 14:05 *m  10 49 09.89 +06 50 17.1  1.79772584954148  -0.6735695   64.3710270  66.2839187
 2025-Dec-18 14:06 *m  10 49 09.70 +06 50 18.1  1.79772557979478  -0.6716756   64.3709736  66.2829449
 2025-Dec-18 14:07 *m  10 49 09.50 +06 50 19.1  1.79772531080643  -0.6697875   64.3709202  66.2819678
 2025-Dec-18 14:08 *m  10 49 09.31 +06 50 20.1  1.79772504257410  -0.6679053   64.3708668  66.2809873
 2025-Dec-18 14:09 *m  10 49 09.12 +06 50 21.0  1.79772477509544  -0.6660289   64.3708134  66.2800035
 2025-Dec-18 14:10 *m  10 49 08.92 +06 50 22.0  1.79772450836809  -0.6641584   64.3707600  66.2790164
 2025-Dec-18 14:11 *m  10 49 08.73 +06 50 23.0  1.79772424238971  -0.6622938   64.3707066  66.2780261
 2025-Dec-18 14:12 *m  10 49 08.53 +06 50 24.0  1.79772397715794  -0.6604351   64.3706532  66.2770325
 2025-Dec-18 14:13 *m  10 49 08.34 +06 50 25.0  1.79772371267039  -0.6585823   64.3705998  66.2760357
 2025-Dec-18 14:14 *m  10 49 08.15 +06 50 26.0  1.79772344892469  -0.6567354   64.3705464  66.2750357
 2025-Dec-18 14:15 *m  10 49 07.95 +06 50 26.9  1.79772318591846  -0.6548945   64.3704930  66.2740326
 2025-Dec-18 14:16 *m  10 49 07.76 +06 50 27.9  1.79772292364931  -0.6530596   64.3704396  66.2730263
 2025-Dec-18 14:17 *m  10 49 07.56 +06 50 28.9  1.79772266211485  -0.6512306   64.3703862  66.2720170
 2025-Dec-18 14:18 *m  10 49 07.37 +06 50 29.9  1.79772240131266  -0.6494076   64.3703328  66.2710045
 2025-Dec-18 14:19 *m  10 49 07.18 +06 50 30.9  1.79772214124035  -0.6475907   64.3702794  66.2699890
 2025-Dec-18 14:20 *m  10 49 06.98 +06 50 31.9  1.79772188189549  -0.6457798   64.3702260  66.2689704
 2025-Dec-18 14:21 *m  10 49 06.79 +06 50 32.8  1.79772162327567  -0.6439749   64.3701726  66.2679489
 2025-Dec-18 14:22 *m  10 49 06.60 +06 50 33.8  1.79772136537846  -0.6421761   64.3701192  66.2669243
 2025-Dec-18 14:23 *m  10 49 06.40 +06 50 34.8  1.79772110820142  -0.6403833   64.3700658  66.2658968
 2025-Dec-18 14:24 *m  10 49 06.21 +06 50 35.8  1.79772085174212  -0.6385967   64.3700124  66.2648664
 2025-Dec-18 14:25 *m  10 49 06.01 +06 50 36.8  1.79772059599810  -0.6368162   64.3699590  66.2638331
 2025-Dec-18 14:26 *m  10 49 05.82 +06 50 37.8  1.79772034096692  -0.6350417   64.3699056  66.2627969
 2025-Dec-18 14:27 *m  10 49 05.63 +06 50 38.7  1.79772008664613  -0.6332735   64.3698522  66.2617578
 2025-Dec-18 14:28 *m  10 49 05.43 +06 50 39.7  1.79771983303324  -0.6315113   64.3697988  66.2607159
 2025-Dec-18 14:29 *m  10 49 05.24 +06 50 40.7  1.79771958012581  -0.6297553   64.3697454  66.2596712
 2025-Dec-18 14:30 *m  10 49 05.04 +06 50 41.7  1.79771932792134  -0.6280056   64.3696920  66.2586237
 2025-Dec-18 14:31 *m  10 49 04.85 +06 50 42.7  1.79771907641737  -0.6262620   64.3696386  66.2575735
 2025-Dec-18 14:32 *m  10 49 04.66 +06 50 43.7  1.79771882561140  -0.6245246   64.3695852  66.2565206
 2025-Dec-18 14:33 *m  10 49 04.46 +06 50 44.6  1.79771857550095  -0.6227934   64.3695318  66.2554649
 2025-Dec-18 14:34 *m  10 49 04.27 +06 50 45.6  1.79771832608351  -0.6210685   64.3694784  66.2544066
 2025-Dec-18 14:35 *m  10 49 04.08 +06 50 46.6  1.79771807735658  -0.6193498   64.3694250  66.2533457
 2025-Dec-18 14:36 *m  10 49 03.88 +06 50 47.6  1.79771782931765  -0.6176374   64.3693716  66.2522821
 2025-Dec-18 14:37 *m  10 49 03.69 +06 50 48.6  1.79771758196422  -0.6159312   64.3693183  66.2512159
 2025-Dec-18 14:38 *m  10 49 03.49 +06 50 49.5  1.79771733529375  -0.6142314   64.3692649  66.2501472
 2025-Dec-18 14:39 *m  10 49 03.30 +06 50 50.5  1.79771708930372  -0.6125378   64.3692115  66.2490760
 2025-Dec-18 14:40 *m  10 49 03.11 +06 50 51.5  1.79771684399161  -0.6108506   64.3691581  66.2480022
 2025-Dec-18 14:41 *m  10 49 02.91 +06 50 52.5  1.79771659935488  -0.6091696   64.3691047  66.2469259
 2025-Dec-18 14:42 *m  10 49 02.72 +06 50 53.5  1.79771635539098  -0.6074951   64.3690513  66.2458472
 2025-Dec-18 14:43 *m  10 49 02.53 +06 50 54.5  1.79771611209738  -0.6058269   64.3689979  66.2447660
 2025-Dec-18 14:44 *m  10 49 02.33 +06 50 55.4  1.79771586947152  -0.6041650   64.3689446  66.2436825
 2025-Dec-18 14:45 *m  10 49 02.14 +06 50 56.4  1.79771562751084  -0.6025095   64.3688912  66.2425966
 2025-Dec-18 14:46 *m  10 49 01.94 +06 50 57.4  1.79771538621279  -0.6008605   64.3688378  66.2415083
 2025-Dec-18 14:47 *m  10 49 01.75 +06 50 58.4  1.79771514557480  -0.5992178   64.3687844  66.2404177
 2025-Dec-18 14:48 *m  10 49 01.56 +06 50 59.4  1.79771490559429  -0.5975815   64.3687310  66.2393248
 2025-Dec-18 14:49 *m  10 49 01.36 +06 51 00.4  1.79771466626869  -0.5959517   64.3686776  66.2382296
 2025-Dec-18 14:50 *m  10 49 01.17 +06 51 01.3  1.79771442759543  -0.5943283   64.3686243  66.2371322
 2025-Dec-18 14:51 *m  10 49 00.98 +06 51 02.3  1.79771418957191  -0.5927114   64.3685709  66.2360325
 2025-Dec-18 14:52 *m  10 49 00.78 +06 51 03.3  1.79771395219555  -0.5911009   64.3685175  66.2349307
 2025-Dec-18 14:53 *m  10 49 00.59 +06 51 04.3  1.79771371546375  -0.5894969   64.3684641  66.2338267
 2025-Dec-18 14:54 *m  10 49 00.39 +06 51 05.3  1.79771347937391  -0.5878994   64.3684107  66.2327206
 2025-Dec-18 14:55 *m  10 49 00.20 +06 51 06.3  1.79771324392342  -0.5863084   64.3683574  66.2316124
 2025-Dec-18 14:56 *m  10 49 00.01 +06 51 07.2  1.79771300910969  -0.5847239   64.3683040  66.2305020
 2025-Dec-18 14:57 *m  10 48 59.81 +06 51 08.2  1.79771277493010  -0.5831459   64.3682506  66.2293897
 2025-Dec-18 14:58 *m  10 48 59.62 +06 51 09.2  1.79771254138202  -0.5815745   64.3681972  66.2282753
 2025-Dec-18 14:59 *m  10 48 59.43 +06 51 10.2  1.79771230846285  -0.5800096   64.3681439  66.2271589
 2025-Dec-18 15:00 *m  10 48 59.23 +06 51 11.2  1.79771207616995  -0.5784512   64.3680905  66.2260406
 2025-Dec-18 15:01 *m  10 48 59.04 +06 51 12.1  1.79771184450069  -0.5768994   64.3680371  66.2249203
 2025-Dec-18 15:02 *m  10 48 58.84 +06 51 13.1  1.79771161345244  -0.5753542   64.3679837  66.2237980
 2025-Dec-18 15:03 *m  10 48 58.65 +06 51 14.1  1.79771138302255  -0.5738156   64.3679304  66.2226739
 2025-Dec-18 15:04 *m  10 48 58.46 +06 51 15.1  1.79771115320840  -0.5722836   64.3678770  66.2215480
 2025-Dec-18 15:05 *m  10 48 58.26 +06 51 16.1  1.79771092400733  -0.5707581   64.3678236  66.2204202
 2025-Dec-18 15:06 *m  10 48 58.07 +06 51 17.1  1.79771069541669  -0.5692393   64.3677702  66.2192906
 2025-Dec-18 15:07 *m  10 48 57.88 +06 51 18.0  1.79771046743382  -0.5677271   64.3677169  66.2181592
 2025-Dec-18 15:08 *m  10 48 57.68 +06 51 19.0  1.79771024005608  -0.5662216   64.3676635  66.2170261
 2025-Dec-18 15:09 *m  10 48 57.49 +06 51 20.0  1.79771001328079  -0.5647226   64.3676101  66.2158912
 2025-Dec-18 15:10 *m  10 48 57.30 +06 51 21.0  1.79770978710528  -0.5632304   64.3675568  66.2147547
 2025-Dec-18 15:11 *m  10 48 57.10 +06 51 22.0  1.79770956152690  -0.5617448   64.3675034  66.2136165
 2025-Dec-18 15:12 *m  10 48 56.91 +06 51 23.0  1.79770933654297  -0.5602658   64.3674500  66.2124766
 2025-Dec-18 15:13 *m  10 48 56.71 +06 51 23.9  1.79770911215080  -0.5587936   64.3673967  66.2113352
 2025-Dec-18 15:14 *m  10 48 56.52 +06 51 24.9  1.79770888834773  -0.5573280   64.3673433  66.2101921
 2025-Dec-18 15:15 *m  10 48 56.33 +06 51 25.9  1.79770866513105  -0.5558691   64.3672899  66.2090476
 2025-Dec-18 15:16 *m  10 48 56.13 +06 51 26.9  1.79770844249810  -0.5544170   64.3672366  66.2079014
 2025-Dec-18 15:17 *m  10 48 55.94 +06 51 27.9  1.79770822044617  -0.5529715   64.3671832  66.2067538
 2025-Dec-18 15:18 *m  10 48 55.75 +06 51 28.9  1.79770799897257  -0.5515328   64.3671299  66.2056047
 2025-Dec-18 15:19 *m  10 48 55.55 +06 51 29.8  1.79770777807461  -0.5501008   64.3670765  66.2044542
 2025-Dec-18 15:20 *m  10 48 55.36 +06 51 30.8  1.79770755774958  -0.5486756   64.3670231  66.2033023
 2025-Dec-18 15:21 *m  10 48 55.17 +06 51 31.8  1.79770733799478  -0.5472570   64.3669698  66.2021489
 2025-Dec-18 15:22 *m  10 48 54.97 +06 51 32.8  1.79770711880750  -0.5458453   64.3669164  66.2009943
 2025-Dec-18 15:23 *m  10 48 54.78 +06 51 33.8  1.79770690018503  -0.5444403   64.3668631  66.1998383
 2025-Dec-18 15:24 *m  10 48 54.58 +06 51 34.7  1.79770668212465  -0.5430421   64.3668097  66.1986809
 2025-Dec-18 15:25 *m  10 48 54.39 +06 51 35.7  1.79770646462366  -0.5416506   64.3667563  66.1975224
 2025-Dec-18 15:26 *m  10 48 54.20 +06 51 36.7  1.79770624767933  -0.5402660   64.3667030  66.1963625
 2025-Dec-18 15:27 *m  10 48 54.00 +06 51 37.7  1.79770603128893  -0.5388881   64.3666496  66.1952015
 2025-Dec-18 15:28 *m  10 48 53.81 +06 51 38.7  1.79770581544975  -0.5375171   64.3665963  66.1940393
 2025-Dec-18 15:29 *m  10 48 53.62 +06 51 39.7  1.79770560015905  -0.5361528   64.3665429  66.1928759
 2025-Dec-18 15:30 *m  10 48 53.42 +06 51 40.6  1.79770538541411  -0.5347954   64.3664896  66.1917114
 2025-Dec-18 15:31 *m  10 48 53.23 +06 51 41.6  1.79770517121219  -0.5334447   64.3664362  66.1905457
 2025-Dec-18 15:32 *m  10 48 53.04 +06 51 42.6  1.79770495755055  -0.5321009   64.3663828  66.1893790
 2025-Dec-18 15:33 *m  10 48 52.84 +06 51 43.6  1.79770474442645  -0.5307640   64.3663295  66.1882113
 2025-Dec-18 15:34 *m  10 48 52.65 +06 51 44.6  1.79770453183716  -0.5294338   64.3662761  66.1870425
 2025-Dec-18 15:35 *m  10 48 52.45 +06 51 45.6  1.79770431977993  -0.5281105   64.3662228  66.1858728
 2025-Dec-18 15:36 *m  10 48 52.26 +06 51 46.5  1.79770410825202  -0.5267941   64.3661694  66.1847021
 2025-Dec-18 15:37 *m  10 48 52.07 +06 51 47.5  1.79770389725067  -0.5254845   64.3661161  66.1835305
 2025-Dec-18 15:38 *m  10 48 51.87 +06 51 48.5  1.79770368677313  -0.5241818   64.3660627  66.1823579
 2025-Dec-18 15:39 *m  10 48 51.68 +06 51 49.5  1.79770347681666  -0.5228860   64.3660094  66.1811845
 2025-Dec-18 15:40 *m  10 48 51.49 +06 51 50.5  1.79770326737849  -0.5215970   64.3659560  66.1800103
 2025-Dec-18 15:41 *m  10 48 51.29 +06 51 51.5  1.79770305845587  -0.5203149   64.3659027  66.1788352
 2025-Dec-18 15:42 *m  10 48 51.10 +06 51 52.4  1.79770285004603  -0.5190397   64.3658493  66.1776593
 2025-Dec-18 15:43 *m  10 48 50.91 +06 51 53.4  1.79770264214623  -0.5177714   64.3657960  66.1764827
 2025-Dec-18 15:44 *m  10 48 50.71 +06 51 54.4  1.79770243475368  -0.5165099   64.3657427  66.1753054
 2025-Dec-18 15:45 *m  10 48 50.52 +06 51 55.4  1.79770222786563  -0.5152554   64.3656893  66.1741273