# -------------------------- o --------------------------
# File ID: /datax/scratch/benjb/bliss_LSCX_test/quick_test/widths_to_10_blc73_guppi_58832_16209_MESSIER031_0057.rawspec.0000.h5
# -------------------------- o --------------------------
# Source:MESSIER031
# MJD: 58832.18760416667	RA: 00h42m44.448ss	DEC:+41d16m03.72s
# DELTAT: 18.253611	DELTAF(Hz):  -2.793968 max_drift_rate: 4.000068	obs_length: 292.057776
# --------------------------
# Top_Hit_#	Drift_Rate	SNR	Uncorrected_Frequency	Corrected_Frequency	Index	freq_start	freq_end	SEFD_freq	Coarse_Channel_Number	Full_number_of_hits
# --------------------------
000001	0.387762	30.392509	1687.244533	1687.244533	615745	1687.244476	1687.244590	0.000000	0.000000	0	23
000002	-1.887787	630.694214	1688.201948	1688.201948	272952	1688.202223	1688.201672	0.000000	0.000000	0	30
000003	-1.724519	524.209045	1688.222624	1688.222624	265560	1688.222876	1688.222373	0.000000	0.000000	0	28
000004	-1.857175	464.468994	1686.684439	1686.684439	816091	1686.684710	1686.684168	0.000000	0.000000	0	28
000005	0.540826	30.320429	1687.244466	1687.244466	615772	1687.244387	1687.244545	0.000000	0.000000	0	26
000006	-1.479617	459.486084	1686.649408	1686.649408	828649	1686.649624	1686.649192	0.000000	0.000000	0	22
000007	-0.571438	260.056458	1687.222379	1687.222379	623623	1687.222463	1687.222296	0.000000	0.000000	0	9
000008	0.500009	276.615723	1687.902833	1687.902833	380134	1687.902760	1687.902906	0.000000	0.000000	0	7
000009	-1.316349	889.692627	1687.306936	1687.306936	593319	1687.307128	1687.306744	0.000000	0.000000	0	22
000010	-0.918383	1319.401245	1686.740229	1686.740229	796172	1686.740363	1686.740095	0.000000	0.000000	0	26
000011	-0.622460	1284.310059	1687.423780	1687.423780	551535	1687.423871	1687.423690	0.000000	0.000000	0	17
000012	-0.591847	1277.533813	1688.161976	1688.161976	287326	1688.162063	1688.161890	0.000000	0.000000	0	15
000013	-1.500026	594.935242	1688.722979	1688.722979	86488	1688.723198	1688.722760	0.000000	0.000000	0	26
000014	-0.918383	934.956421	1688.025220	1688.025220	336256	1688.025354	1688.025086	0.000000	0.000000	0	15
000015	0.612255	891.372437	1687.462314	1687.462314	537808	1687.462224	1687.462403	0.000000	0.000000	0	16
000016	0.306128	617.219971	1687.366179	1687.366179	572200	1687.366134	1687.366223	0.000000	0.000000	0	8
000017	0.275515	964.701416	1688.905754	1688.905754	21163	1688.905714	1688.905794	0.000000	0.000000	0	18
000018	-0.612255	355.406586	1687.244594	1687.244594	615669	1687.244683	1687.244504	0.000000	0.000000	0	18
000019	-1.306145	696.538818	1686.526736	1686.526736	872564	1686.526927	1686.526545	0.000000	0.000000	0	26
000020	0.551030	1249.570435	1688.189083	1688.189083	277684	1688.189002	1688.189163	0.000000	0.000000	0	18
000021	-1.612272	906.342468	1688.628588	1688.628588	120266	1688.628823	1688.628352	0.000000	0.000000	0	26
000022	-0.693889	1166.710205	1686.505762	1686.505762	880103	1686.505863	1686.505660	0.000000	0.000000	0	24
000023	-0.183677	548.534058	1687.346262	1687.346262	579303	1687.346288	1687.346235	0.000000	0.000000	0	8
000024	0.448987	935.533142	1686.608406	1686.608406	843425	1686.608340	1686.608471	0.000000	0.000000	0	8
000025	-1.275532	544.135742	1688.788471	1688.788471	63059	1688.788658	1688.788285	0.000000	0.000000	0	18
000026	-0.540826	371.268707	1687.321578	1687.321578	588119	1687.321657	1687.321499	0.000000	0.000000	0	19
000027	0.540826	434.840515	1686.660943	1686.660943	824626	1686.660864	1686.661022	0.000000	0.000000	0	20
000028	-1.306145	700.271729	1688.688549	1688.688549	98821	1688.688740	1688.688358	0.000000	0.000000	0	22
000029	-0.663277	289.012939	1686.467187	1686.467187	893911	1686.467284	1686.467090	0.000000	0.000000	0	10
000030	-0.234698	1009.825562	1686.488070	1686.488070	886459	1686.488105	1686.488036	0.000000	0.000000	0	12
000031	-1.653089	704.201111	1687.122586	1687.122586	659283	1687.122827	1687.122344	0.000000	0.000000	0	26
000032	-1.846970	840.038391	1687.182130	1687.182130	637961	1687.182400	1687.181860	0.000000	0.000000	0	30
000033	1.224511	930.764343	1688.945366	1688.945366	7035	1688.945187	1688.945544	0.000000	0.000000	0	22
000034	1.234715	1486.222168	1687.389121	1687.389121	564037	1687.388941	1687.389302	0.000000	0.000000	0	30
000035	-1.040834	1496.501465	1687.145451	1687.145451	651131	1687.145603	1687.145299	0.000000	0.000000	0	28
000036	-0.030613	422.863861	1688.549017	1688.549017	148828	1688.549022	1688.549013	0.000000	0.000000	0	5
000037	1.714315	896.488403	1688.129154	1688.129154	299194	1688.128904	1688.129405	0.000000	0.000000	0	32
000038	0.540826	938.964783	1687.260847	1687.260847	609912	1687.260768	1687.260926	0.000000	0.000000	0	24
000039	-1.132672	811.200439	1687.824112	1687.824112	408225	1687.824278	1687.823947	0.000000	0.000000	0	17
000040	-1.377575	1227.091309	1687.784710	1687.784710	422314	1687.784911	1687.784508	0.000000	0.000000	0	24
000041	0.693889	867.974487	1688.740211	1688.740211	80435	1688.740110	1688.740312	0.000000	0.000000	0	22
000042	1.326553	705.737671	1688.063599	1688.063599	322637	1688.063405	1688.063792	0.000000	0.000000	0	20
000043	-0.234698	496.498322	1686.342711	1686.342711	938485	1686.342746	1686.342677	0.000000	0.000000	0	10
000044	-0.642868	362.494263	1687.162231	1687.162231	645147	1687.162325	1687.162137	0.000000	0.000000	0	9
000045	0.295923	382.375183	1687.926133	1687.926133	371784	1687.926090	1687.926176	0.000000	0.000000	0	16
000046	-0.112247	809.478210	1686.387019	1686.387019	922633	1686.387036	1686.387003	0.000000	0.000000	0	8
000047	1.224511	709.639954	1687.282497	1687.282497	602199	1687.282318	1687.282675	0.000000	0.000000	0	20
000048	-0.408170	451.562744	1686.248222	1686.248222	972296	1686.248282	1686.248162	0.000000	0.000000	0	7
000049	-1.510230	877.140076	1687.047250	1687.047250	686255	1687.047471	1687.047030	0.000000	0.000000	0	25
000050	-0.234698	339.573792	1688.608588	1688.608588	127496	1688.608623	1688.608554	0.000000	0.000000	0	25
000051	0.704094	854.612610	1688.640082	1688.640082	116273	1688.639979	1688.640185	0.000000	0.000000	0	24
000052	-1.357166	951.153687	1688.527265	1688.527265	156545	1688.527463	1688.527067	0.000000	0.000000	0	27
000053	1.071447	350.641602	1686.300931	1686.300931	953508	1686.300775	1686.301087	0.000000	0.000000	0	15
000054	0.765319	1639.881226	1688.660937	1688.660937	108813	1688.660825	1688.661049	0.000000	0.000000	0	19
000055	1.959217	1384.502808	1688.928955	1688.928955	12948	1688.928669	1688.929241	0.000000	0.000000	0	35
000056	-1.846970	462.450287	1686.224629	1686.224629	980665	1686.224899	1686.224359	0.000000	0.000000	0	25
000057	1.234715	1471.038818	1688.044637	1688.044637	329419	1688.044456	1688.044817	0.000000	0.000000	0	28
000058	0.846953	1534.752686	1686.401389	1686.401389	917541	1686.401265	1686.401513	0.000000	0.000000	0	21
000059	-1.581660	1407.511230	1687.721265	1687.721265	445011	1687.721496	1687.721034	0.000000	0.000000	0	30
000060	-0.795932	395.719116	1687.748445	1687.748445	435324	1687.748561	1687.748329	0.000000	0.000000	0	12
000061	1.183694	1832.359253	1687.985537	1687.985537	350569	1687.985364	1687.985710	0.000000	0.000000	0	27
000062	-1.336758	1361.183105	1687.705576	1687.705576	450639	1687.705772	1687.705381	0.000000	0.000000	0	24
000063	-1.612272	456.656586	1686.922608	1686.922608	730860	1686.922843	1686.922372	0.000000	0.000000	0	24
000064	-0.693889	931.315002	1688.404187	1688.404187	200629	1688.404289	1688.404086	0.000000	0.000000	0	18
000065	-0.846953	290.958679	1686.543349	1686.543349	866642	1686.543473	1686.543225	0.000000	0.000000	0	18
000066	1.510230	569.146240	1687.844422	1687.844422	401093	1687.844201	1687.844643	0.000000	0.000000	0	24
000067	1.989830	1418.273071	1688.701522	1688.701522	94350	1688.701231	1688.701813	0.000000	0.000000	0	34
000068	1.397983	1330.032104	1687.088350	1687.088350	671696	1687.088145	1687.088554	0.000000	0.000000	0	31
000069	-0.306128	611.189636	1687.021009	1687.021009	695709	1687.021054	1687.020964	0.000000	0.000000	0	12
000070	1.979626	830.842529	1687.202644	1687.202644	630820	1687.202354	1687.202933	0.000000	0.000000	0	29
000071	0.234698	562.713440	1686.967494	1686.967494	714892	1686.967460	1686.967529	0.000000	0.000000	0	7
000072	-0.387762	1139.511841	1687.680041	1687.680041	459829	1687.680098	1687.679985	0.000000	0.000000	0	19
000073	0.693889	775.846863	1688.441868	1688.441868	187216	1688.441767	1688.441970	0.000000	0.000000	0	26
000074	-1.938809	1143.929688	1686.844734	1686.844734	758715	1686.845017	1686.844451	0.000000	0.000000	0	34
000075	0.540826	625.078064	1687.066959	1687.066959	679307	1687.066881	1687.067038	0.000000	0.000000	0	20
000076	-1.255123	895.737671	1686.160021	1686.160021	1003819	1686.160204	1686.159838	0.000000	0.000000	0	20
000077	-0.428579	1531.661865	1688.483312	1688.483312	172324	1688.483375	1688.483249	0.000000	0.000000	0	16
000078	-1.959217	1306.362427	1688.242609	1688.242609	258395	1688.242895	1688.242323	0.000000	0.000000	0	34
000079	1.163285	1381.189819	1687.109139	1687.109139	664243	1687.108969	1687.109309	0.000000	0.000000	0	22
000080	-1.612272	1811.108765	1686.069338	1686.069338	1036257	1686.069574	1686.069103	0.000000	0.000000	0	35
000081	1.173489	873.907104	1688.382343	1688.382343	208546	1688.382172	1688.382514	0.000000	0.000000	0	18
000082	-1.928604	998.565247	1687.539735	1687.539735	509965	1687.540017	1687.539453	0.000000	0.000000	0	34
000083	0.500009	551.639771	1686.261640	1686.261640	967540	1686.261567	1686.261713	0.000000	0.000000	0	9
000084	0.387762	1273.157471	1686.984998	1686.984998	708634	1686.984942	1686.985055	0.000000	0.000000	0	12
000085	1.693906	659.738525	1688.581905	1688.581905	137147	1688.581658	1688.582153	0.000000	0.000000	0	24
000086	-1.632681	622.784546	1688.365155	1688.365155	214551	1688.365394	1688.364917	0.000000	0.000000	0	32
000087	1.214306	352.213318	1688.508273	1688.508273	163477	1688.508096	1688.508450	0.000000	0.000000	0	21
000088	1.459209	666.799500	1687.761666	1687.761666	430710	1687.761453	1687.761879	0.000000	0.000000	0	23
000089	-0.234698	686.629150	1686.284949	1686.284949	959160	1686.284983	1686.284915	0.000000	0.000000	0	21
000090	-0.724502	330.838196	1688.262660	1688.262660	251283	1688.262766	1688.262554	0.000000	0.000000	0	11
000091	0.846953	882.700012	1687.627628	1687.627628	478652	1687.627504	1687.627751	0.000000	0.000000	0	24
000092	0.622460	1064.534546	1687.640813	1687.640813	473922	1687.640722	1687.640904	0.000000	0.000000	0	15
000093	-0.234698	737.259521	1686.108798	1686.108798	1022206	1686.108832	1686.108763	0.000000	0.000000	0	22
000094	1.122468	535.620544	1686.320630	1686.320630	946459	1686.320466	1686.320794	0.000000	0.000000	0	20
000095	0.602051	1208.751587	1687.607115	1687.607115	485982	1687.607027	1687.607203	0.000000	0.000000	0	13
000096	0.234698	1070.405884	1686.087112	1686.087112	1029992	1686.087078	1686.087146	0.000000	0.000000	0	16
000097	-0.602051	1568.344727	1686.806445	1686.806445	772490	1686.806533	1686.806357	0.000000	0.000000	0	21
000098	0.540826	1039.945190	1687.528665	1687.528665	514056	1687.528586	1687.528744	0.000000	0.000000	0	22
000099	1.479617	1266.480225	1687.569192	1687.569192	499600	1687.568976	1687.569408	0.000000	0.000000	0	32
000100	0.632664	1700.920288	1688.304268	1688.304268	236463	1688.304175	1688.304360	0.000000	0.000000	0	21
000101	-1.000017	842.320312	1686.821424	1686.821424	767107	1686.821570	1686.821278	0.000000	0.000000	0	26
000102	1.112264	589.952148	1687.501566	1687.501566	523785	1687.501404	1687.501729	0.000000	0.000000	0	16
000103	0.397966	692.682800	1686.900971	1686.900971	738709	1686.900913	1686.901029	0.000000	0.000000	0	10
